0
[-0.1909333553277945, -0.784583037353818, -0.5898931355083965;
  -0.9507975625448154, 0.2971914699402867, -0.08752842540323316;
  0.2439845259070909, 0.5441568594545041, -0.8027234040605165]
[10.66336833023458;
  -0.08640358338171235;
  28.63398594444823]

1
[-0.3595515676488104, -0.9274891341373562, 0.1024039855592564;
  -0.9276881594240353, 0.3671271306257708, 0.06791427554597013;
  -0.1005850340047103, -0.07058028064286526, -0.9924218230765816]
[14.80866910551722;
  -3.925071491398745;
  32.82291064333383]

2
[-0.4212844246328024, -0.6830010970022129, 0.5966816027460395;
  -0.9013336646284233, 0.2423423831472026, -0.3589816072419751;
  0.1005835899603191, -0.689042575480143, -0.7177069531545488]
[11.26276912379754;
  -1.988410837002341;
  32.46657369249432]

3
[-0.1828886209455188, -0.916686213956286, -0.3553000668042954;
  -0.957767536029647, 0.2476918739128646, -0.1460482198632796;
  0.2218853290696468, 0.3135843120119757, -0.9232723216925927]
[8.92403810103232;
  1.35914046353367;
  26.09249138515102]

4
[-0.2051187040796526, -0.91648321963871, -0.3434891924898771;
  -0.960972279320681, 0.255148124384308, -0.1069191891120797;
  0.1856302658886716, 0.3081524667171002, -0.9330506211574309]
[14.28148388510284;
  -0.6386944236754071;
  30.18256410230607]

5
[-0.4050146451641048, -0.8224670604827693, 0.3993883719181457;
  -0.8875240542973384, 0.2486977200843422, -0.3878794878160813;
  0.2196911246414144, -0.5115636602082708, -0.8306855188987632]
[4.361249623523746;
  0.9698484119897596;
  28.98728343300193]

6
[-0.230450582200612, -0.2868503945863106, 0.929843739716022;
  -0.9543175940382422, 0.2533842450314137, -0.1583488366831966;
  -0.1901853277002721, -0.9238578221217477, -0.3321389251984799]
[-3.207997218463767;
  5.520804026129499;
  29.22625680895886]

7
[-0.1522055259572878, -0.9854295773668654, -0.0759080095815084;
  -0.9641608710297883, 0.1649294438263351, -0.2078270755561357;
  0.2173184130329168, 0.041555103293058, -0.9752158123959834]
[2.617196924925493;
  3.480307531419339;
  36.36049063674833]

8
[-0.1230941535612354, -0.9546792305064717, 0.2709896606858152;
  -0.9911129572893607, 0.1321385914465646, 0.01531334527969444;
  -0.05042752474770477, -0.2666963807217638, -0.9624604434768899]
[4.20549890756712;
  3.616517022114097;
  24.93971493325463]

9
[-0.0680373069622523, -0.9859917299560682, 0.1522866813597442;
  -0.996360972635887, 0.07500561873131995, 0.04048418662640121;
  -0.05133942996755661, -0.1489780709264685, -0.9875068593754852]
[4.31668137056301;
  6.255397521959257;
  14.66368217049503]

10
[-0.2010669625517815, -0.9107056935632808, 0.3608146564118814;
  -0.9784479120482664, 0.1690310589313651, -0.1186093778962244;
  0.04702935230883337, -0.3768867745463682, -0.9250646459537012]
[3.954127381713293;
  3.872814388387587;
  13.3653214350786]

11
[-0.2514460300599626, -0.9348067150863046, 0.2508212498905079;
  -0.9417780034238925, 0.1765405554127917, -0.2861601379672739;
  0.2232242957968301, -0.30817176659145, -0.9247708235243551]
[5.901315506999528;
  2.874935456805363;
  13.93099187121474]

12
[-0.342325931741231, -0.9135552063279573, 0.2196129355219811;
  -0.8887096741849778, 0.2389561195905756, -0.3912736739422234;
  0.3049722470447579, -0.3291152653726325, -0.8936862260498216]
[6.998257311842628;
  2.048625164726626;
  16.2857031599407]

13
[-0.3652990733789745, -0.6007215172514297, 0.7111190095192244;
  -0.9186933348495445, 0.1093902953936182, -0.3795211717107752;
  0.1501970155878121, -0.79193902668377, -0.5918390275435352]
[5.099937708999938;
  2.862783997209914;
  18.92288678853322]

14
[-0.08042888403352544, -0.9946791590916692, -0.06437829666752375;
  -0.9546824321063675, 0.05830485265401719, 0.2918595518129642;
  -0.2865530464688741, 0.0849347668842584, -0.9542921129998528]
[9.626959420349511;
  1.133927256731021;
  19.37044495135954]

15
[-0.04410509496805115, -0.9918335329000632, 0.1196703121615325;
  -0.9927618431838892, 0.03011874463827557, -0.1162617045270785;
  0.1117079375692996, -0.1239318531951887, -0.9859828763460448]
[3.366359815753988;
  7.351850785493231;
  34.77202045531831]

16
[-0.02388085297499154, -0.9257796953708132, -0.37730844212701;
  -0.9899788429349533, -0.03064511769033818, 0.137850525218138;
  -0.1391818788576947, 0.3768193630917469, -0.9157704800859068]
[6.294207233909085;
  3.009482035397508;
  15.07886730113119]

17
[-0.1089811517457104, -0.9685604995555842, -0.2236373565950375;
  -0.9765967852367551, 0.06235753669467248, 0.2058403669900739;
  -0.1854233740104362, 0.2408362437798974, -0.9526888663422994]
[4.402548674067146;
  3.453676781012794;
  14.32772599295301]

18
[-0.1015806598063503, -0.9840034926779112, 0.1463505925884078;
  -0.9247575139007288, 0.1476321177768426, 0.3507538998854717;
  -0.3667491104794252, -0.0997089975799377, -0.92496119149084]
[6.069354398940582;
  1.455468116154703;
  14.20460612335402]

19
[-0.1482042347844783, -0.8719951948828374, 0.4665403357622889;
  -0.9880271375136908, 0.1510036260206074, -0.03162721083387315;
  -0.04287050651029367, -0.4656417990578922, -0.8839342931698488]
[5.991773272470292;
  2.265321241252631;
  17.19089088961822]

20
[-0.2019830131794703, -0.9758203489663313, -0.08353148466398411;
  -0.9790490595188663, 0.2034242217773766, -0.009029122299104797;
  0.02580312853445196, 0.0799576921721491, -0.9964642321831418]
[7.69333417824584;
  1.502903408251093;
  16.39803816979473]

21
[-0.5267008405332063, -0.7719332308213934, 0.3559568958950777;
  -0.7928889866850536, 0.2951719152579203, -0.533104675684353;
  0.3064527359563996, -0.5630209832649363, -0.7675246530426377]
[8.301343104479376;
  3.290792354888147;
  24.01342871496202]

22
[-0.5287850133369751, -0.8483456170610554, -0.02638415591813958;
  -0.803618162857744, 0.5104240982720059, -0.3060475260941596;
  0.2731011863675435, -0.1406305582599609, -0.9516505598632998]
[9.68842173335708;
  3.155945624348742;
  21.85943807430621]

23
[-0.4504747223765684, -0.8645825973966197, -0.2226419923973652;
  -0.8755543665787364, 0.476584709551376, -0.07919321806025234;
  0.1745768474473678, 0.1592606257075037, -0.9716784331426693]
[14.8093454110406;
  2.492472060342983;
  21.7516460202425]

24
[-0.4176311738049926, -0.8158744937467923, 0.399916257633619;
  -0.9083435241371287, 0.3641001499559446, -0.2057744468105787;
  0.0222765532433862, -0.4491991665792284, -0.8931538859122324]
[7.576073169967478;
  3.685666857608824;
  21.8132075096911]

25
[-0.240299626748427, -0.9661075799594998, -0.09429863906422532;
  -0.969391153972067, 0.2438815411813134, -0.0283299218447717;
  0.05036744966017788, 0.0846045968953541, -0.9951407851148019]
[13.30826515849803;
  3.774660306288214;
  23.08306595090425]

26
[-0.1128278706278231, -0.9742472005546381, 0.1952236251610995;
  -0.9818852664321216, 0.07922242542131031, -0.1721195249641542;
  0.1522208762723183, -0.2111070807003288, -0.9655374696535979]
[2.091753361654284;
  4.09920030065813;
  21.90593797359453]

27
[-0.1148783780976936, -0.9247630659295162, -0.3627895121668822;
  -0.9923159272056324, 0.08993304265972402, 0.08497734081500777;
  -0.04595714155241931, 0.3697638702342418, -0.9279884812915113]
[13.63890192087235;
  4.340336917023035;
  20.91414259534572]

28
[-0.1527770625465541, -0.9876928234259627, -0.03349710006100115;
  -0.9859526625565361, 0.1500175231643025, 0.07343085142721198;
  -0.06750197298837718, 0.04424510477440867, -0.9967376055643622]
[3.768819635085491;
  6.553075184796499;
  15.27899693751595]

29
[0.02090471127597326, -0.9161070065434795, 0.400388493351661;
  -0.9995506300320678, -0.01054529938605686, 0.02805948437435501;
  -0.02148327370221847, -0.4007951462066417, -0.9159157820063111]
[0.8005995819987349;
  3.888536221863146;
  14.13017389245423]

30
[-0.07320104436552299, -0.6841214076045601, 0.7256855426153616;
  -0.9952138346497401, 0.002874568327186466, -0.09767886249691793;
  0.06473816822830436, -0.7293624863633221, -0.6810575108317626]
[2.480070626788014;
  3.67713555184736;
  17.84440242262603]

31
[-0.1381235437571005, -0.6095565380676523, 0.780616880139649;
  -0.9888198399658171, 0.04015679064342836, -0.1436062542342632;
  0.05618906254740652, -0.7917248632348226, -0.6082881966517557]
[1.67955361931503;
  3.857370786405637;
  16.84377673604797]

32
[-0.1490391989960813, -0.9880329064207392, -0.03972773580754162;
  -0.9875080778159826, 0.1507973447258513, -0.04569416890388194;
  0.05113817958033002, 0.03242123769106037, -0.9981651917071591]
[4.924553755892166;
  2.432606370033868;
  15.56827502881011]

33
[-0.003008632283174828, -0.9754981252889149, 0.2199871716477968;
  -0.8805948561905995, 0.1068286400700454, 0.4616712476551275;
  -0.473860366967361, -0.1923305727610596, -0.8593400394482738]
[5.349665660419186;
  1.540315531935087;
  16.6753487824485]

34
[-0.09160131689526807, -0.7425678669241453, 0.6634773257276978;
  -0.939546048136362, 0.2852109921014787, 0.1894938347699885;
  -0.3299430589880592, -0.6060096146070749, -0.7238024073111299]
[5.599874299695461;
  1.259255604556689;
  18.17653360938073]

35
[-0.2023888010423064, -0.9413519997265086, -0.2699910847112567;
  -0.9791705919336583, 0.1990902340273563, 0.03985010172159802;
  0.01623961529553278, 0.2724325445423799, -0.9620378285541673]
[6.434380149841298;
  3.083537892651141;
  15.82585366011802]

36
[-0.2742120615433911, -0.7723458978527623, 0.5729655830624857;
  -0.9596700792724783, 0.1813726535957843, -0.2147959484645355;
  0.06197648145287871, -0.6087575663576056, -0.7909318182682288]
[3.209352868076301;
  4.070209637128505;
  21.80934998640952]

37
[-0.2303200894946151, -0.8587740682656755, -0.4576677354256176;
  -0.9554243919065031, 0.2888326841061383, -0.06115481945138881;
  0.1847075735460813, 0.4231817343251761, -0.8870176616101029]
[7.099495158790856;
  3.193585805885955;
  14.90175644322063]

38
[-0.3799431425284393, -0.9168037726671486, -0.1229392161553713;
  -0.9182339408655836, 0.3577567583668979, 0.1698721039054637;
  -0.111757050283522, 0.1774287019230319, -0.9777675682112975]
[6.623418291070058;
  5.230919297909662;
  14.00148473835466]

39
[-0.2700441657404773, -0.8911596336337293, 0.3645691373818235;
  -0.9608265943731491, 0.2248917963597488, -0.1619751075794711;
  0.06235706932518301, -0.3940281554811566, -0.9169805933569651]
[7.790479118126034;
  3.151772138643432;
  16.26016158712583]

40
[-0.2030516382674987, -0.9230144790153629, 0.3268245763783426;
  -0.9790264510369422, 0.1857034923690933, -0.08379392037571751;
  0.01665053653474008, -0.3369843979324866, -0.9413629880036631]
[7.145346479260447;
  4.228548026311918;
  15.31288241635721]

41
[-0.1193745605710228, -0.9905574123342193, -0.06742200796631896;
  -0.992781086500262, 0.1182948584977015, 0.01980001869615334;
  -0.01163737839182419, 0.06929891285398281, -0.9975280608090289]
[6.583836996732842;
  5.235468149773426;
  12.04904188547448]

42
[-0.1506089275538199, -0.9348214960644667, 0.3215986962611634;
  -0.9876923194926364, 0.1561735651063481, -0.008584845789458367;
  -0.04219991654427527, -0.3189335166735616, -0.9468371449124137]
[1.780579307293416;
  6.268336623661162;
  18.64822109396705]

43
[-0.1038179471443246, -0.8866947655106243, 0.4505488060874174;
  -0.9935562650500205, 0.1131691572564201, -0.006220130683945668;
  -0.04547287136955255, -0.448291350197537, -0.8927301290465542]
[5.137673897295823;
  3.811999483961239;
  21.15886133658251]

44
[-0.09810907535172475, -0.7642966228508632, 0.6373580482212451;
  -0.9873736325232156, 0.1547959023876663, 0.0336383471933136;
  -0.1243700893765838, -0.6260103041506213, -0.7698332156809727]
[5.710114271988083;
  0.6060638893114589;
  31.51322402219198]

45
[-0.1562603100952833, -0.9799351421962939, 0.1237329082243489;
  -0.9876055100093999, 0.1531391079336554, -0.03440596198854347;
  0.01476726406612998, -0.1275755882213107, -0.9917189103783328]
[6.895682018526452;
  1.156601599044916;
  26.73381477615625]

46
[-0.1480793487025854, -0.9865512186113109, 0.06920404283244908;
  -0.9782658432610823, 0.1358465920153362, -0.1566577267373111;
  0.1451497378451005, -0.0908977254630505, -0.9852254346641394]
[4.458563531021477;
  3.714967094425776;
  24.09610750428227]

47
[-0.0052976801131287, -0.995431405924355, 0.09533231710643074;
  -0.9978789731373856, 0.01144782921364396, 0.06408199572869142;
  -0.06488057918742517, -0.09479062878659125, -0.9933807161096631]
[17.16040489474331;
  0.6811514258141369;
  29.69258852010098]

48
[-0.07757644395837082, -0.9576407324201285, 0.277319532223414;
  -0.9896954746251639, 0.1075482155665985, 0.09453173453878423;
  -0.1203526603330586, -0.2671284502599447, -0.9561159073106543]
[5.255452580316032;
  0.9940705552955487;
  25.39982154417464]

49
[-0.07877536906781712, -0.9300361807180404, 0.3589249835043947;
  -0.9824024857912845, 0.1335880113188265, 0.130535815556446;
  -0.1693511061060262, -0.3423257889602855, -0.9241933007079112]
[1.245126923553135;
  6.875421577369439;
  25.27329699006999]

50
[-0.1937021179661148, -0.6745062100851154, 0.7124049845783333;
  -0.9708056021155154, 0.236502119100918, -0.04004036166053715;
  -0.1414778159167465, -0.6993626528614387, -0.700625368785657]
[6.635856255245954;
  5.79694095870534;
  31.53427334400431]

51
[-0.1402777681447251, -0.9809130721855612, -0.1346539735017817;
  -0.9900565981742961, 0.1404077824400954, 0.00857828897828769;
  0.01049191002034484, 0.1345183981682005, -0.9908555497035814]
[9.3692568336047;
  7.831210856716196;
  28.65039857025594]

52
[-0.2488450303242956, -0.9684129291205101, 0.01589180905795346;
  -0.9655821346738296, 0.2493328907585466, 0.07405572756186528;
  -0.07567887473813883, 0.003083552856812541, -0.9971274741075729]
[12.46048662214729;
  4.946490589198846;
  29.74459086083965]

53
[-0.1857056370921456, -0.9767961535422346, -0.1066896938663501;
  -0.982408276597433, 0.1823957787084164, 0.04007191013929499;
  -0.01968233789623793, 0.1122544178838657, -0.9934845500763928]
[11.53004794108898;
  4.05476825714477;
  23.14870648527917]

54
[-0.162778165845619, -0.8188965533007263, 0.5503741488443349;
  -0.9689535392823342, 0.2378865432486071, 0.06737233299705253;
  -0.1860975750410886, -0.5223202346582203, -0.8321954488162069]
[9.745423671401932;
  3.025172143803724;
  23.31862591626269]

55
[-0.08518616566862114, -0.9046537247309412, -0.4175463513301396;
  -0.9963421669185812, 0.08018367109355051, 0.02954429403365566;
  0.006753043659275371, 0.418535801599332, -0.9081751918990854]
[6.335651957351657;
  5.827977942018741;
  15.11171847135872]

56
[-0.3177256409614884, -0.8586822268300939, 0.4021383473404673;
  -0.9442928739569622, 0.3249316298968639, -0.05225326866969945;
  -0.08579851554492068, -0.3963385790188461, -0.9140866181667959]
[8.703163908873876;
  -1.817405243425641;
  27.13647797789476]

57
[-0.1468162948680508, -0.9285197993114613, -0.3410219316229106;
  -0.989123685936806, 0.1409135531029913, 0.04216283281133981;
  0.00890558701064173, 0.3435030608866448, -0.9391093321235296]
[9.927356412426745;
  4.936846967246434;
  15.6330174170876]

58
[-0.2689619196167832, -0.8742541700734741, 0.4041523622412667;
  -0.9556166839299383, 0.1898453532324269, -0.2252898028114094;
  0.1202341016134924, -0.4468091180416937, -0.8865130415532533]
[3.3200899937818;
  5.536923765797249;
  19.98993081264625]

59
[-0.3635979921738106, -0.8800232831773812, 0.3055413575162547;
  -0.8627478078286569, 0.194398804030687, -0.4667711699304968;
  0.3513726229717108, -0.4333221965894899, -0.8299211732260114]
[3.483138555553775;
  6.949086696307801;
  22.66491577739846]

60
[-0.3704556872173713, -0.8621441256347198, 0.3456444566919152;
  -0.8479016513644078, 0.1619504471500052, -0.504811689921522;
  0.3792431587013996, -0.4800828671192684, -0.7910088920339189]
[3.550452283951576;
  8.846719223791233;
  26.16063338494487]

61
[-0.4043380491392677, -0.79751000520147, 0.4477594595559117;
  -0.8533577170993684, 0.1528129995425348, -0.4984263173607183;
  0.3290765088626129, -0.5836317150175822, -0.7423494275207803]
[4.185074866055412;
  9.984068726516472;
  30.87747487118489]

62
[-0.4783465060861442, -0.7005119192072554, 0.5295919855546777;
  -0.827291445421782, 0.1571754048559675, -0.5393373308424896;
  0.2945733939905587, -0.6961170470236526, -0.6547118239316844]
[5.051863566775022;
  10.12410642841886;
  35.69324865214831]

63
[-0.8445671559890767, -0.4666421026714697, 0.2625861135682394;
  -0.4008051403145952, 0.2257709625284197, -0.8879091800270952;
  0.3550514871422458, -0.8551447950454593, -0.37771129316548]
[6.869820023564229;
  8.637657747006561;
  40.2833977113856]

64
[-0.952268230166507, -0.03330647682728256, -0.3034401035079283;
  0.2592590893747879, 0.4365189517777501, -0.861531154001647;
  0.1611519233273508, -0.8990783521697137, -0.4070481227910132]
[8.197843195270965;
  7.809622041594573;
  50.50404288119405]

65
[-0.2471276108981866, -0.9117186272690131, -0.328172345913639;
  -0.9416404541458708, 0.3058487883746108, -0.1406050275265465;
  0.2285633370593649, 0.2742729723113255, -0.9340948226019659]
[7.813418828466973;
  0.2412365917554545;
  26.75717510096132]

66
[-0.3204991137061531, -0.8328164343670654, 0.45132815640252;
  -0.9343455898907596, 0.1995680593168084, -0.2952471987203451;
  0.1558160350068583, -0.5163229380423167, -0.8420997487745092]
[7.363891820023857;
  0.7986336425348262;
  29.22326928195325]

67
[-0.3316193187520701, -0.9410066332083562, 0.06734347546932393;
  -0.9138604669328871, 0.302684997658545, -0.2706304476027271;
  0.2342811866275621, -0.151288824604864, -0.9603249539307308]
[3.915896495217109;
  2.414056454769005;
  24.19716086288658]

