<?xml version="1.0"?>
<opencv_storage>
<intrinsic type_id="opencv-matrix">
  <rows>3</rows>
  <cols>3</cols>
  <dt>d</dt>
  <data>
    3.7101777316267139e+03 0. 9.6730799818537253e+02 0.
    3.6988557613515632e+03 6.4024349532445831e+02 0. 0. 1.</data></intrinsic>
<distorsion type_id="opencv-matrix">
  <rows>1</rows>
  <cols>5</cols>
  <dt>d</dt>
  <data>
    2.2171024395285324e-01 -1.0051231298675726e+01
    1.0608204846200148e-02 1.0917472753619872e-02 1.1236303538002993e+02</data></distorsion>
<BiasCenter>
  1.5530799865722656e+02 2.3243495941162109e+01</BiasCenter>
</opencv_storage>
