0
[0.03092117624674995, 0.9101698356715464, 0.4130795941379186;
  0.9765141402602167, 0.06065348319845099, -0.2067396644278622;
  -0.2132229226217651, 0.4097706983295968, -0.8869182375276242]
[-7.993908990680509;
  -2.863058824001194;
  39.60682501575243]

1
[-0.05407750483130669, 0.9908921324536292, 0.123322363392531;
  0.9802700058070281, 0.07619685393914488, -0.1823862800894454;
  -0.1901219061189663, 0.1110262189362317, -0.975462372171482]
[-2.801555203008605;
  -3.084490722732464;
  54.89960957643159]

2
[-0.08372589341675163, 0.99294983263173, 0.08390831096015844;
  0.9936681008135483, 0.08952355589019445, -0.06789137181094336;
  -0.07492449664270828, 0.07769274623409315, -0.9941580140930523]
[-3.541708328759011;
  -2.934931620399121;
  66.80550494100513]

3
[-0.149728338330623, 0.9865189379625955, -0.06604399853055029;
  0.9887105262112025, 0.1490037936166425, -0.0157912902264542;
  -0.005737600536596756, -0.06766280018593587, -0.9976917486934933]
[-3.270973759821717;
  -7.224470691303609;
  72.30005570715407]

4
[0.02210898526148131, 0.9992713522859501, 0.03111201168866661;
  0.9997548675395053, -0.02206146303644019, -0.001869941110768028;
  -0.001182202086593455, 0.03114572762514824, -0.9995141550017822]
[-5.111738208265521;
  -8.722316855888888;
  74.20128527495535]

5
[-0.0514861987243328, 0.9887907766885418, -0.1401498172549258;
  0.9986725533617309, 0.05076340108055366, -0.008729734972833303;
  -0.001517400039394892, -0.1404132367207787, -0.9900918242520311]
[-5.372739879521856;
  -8.674159950446988;
  79.54617429330474]

6
[0.002760493373701101, 0.9858542845937909, -0.1675819477879358;
  0.999588611513505, 0.002063817895787023, 0.02860678919760297;
  0.02854798432178386, -0.1675919753560943, -0.9854430183361215]
[1.624778298270764;
  -8.394058232367108;
  77.61170130854681]

7
[-0.005494443192765042, 0.9969878781749947, -0.07736266454901573;
  0.9995595834467476, 0.007731801269980743, 0.02865062632624791;
  0.02916247989739973, -0.07717117351215791, -0.9965912701529099]
[-8.111744562482849;
  -8.518114400323057;
  77.08675372227557]

8
[0.04492080765292261, 0.9989896277710788, -0.001358177311950697;
  0.99656669785507, -0.04490642441362314, -0.06955738474544222;
  -0.06954809678237844, 0.001771059622117946, -0.9975770273927541]
[-13.70907072283353;
  -6.62533767653698;
  74.1277440310037]

9
[0.04885441250469813, 0.99879790795963, -0.003998178871320635;
  0.9985360745048374, -0.0489338641125352, -0.02304744791697143;
  -0.02321538910486642, -0.002866356307620419, -0.9997263774204557]
[-12.84760725509768;
  0.9199351899824725;
  73.29402970422633]

10
[0.04372931815554137, 0.9982878425938928, -0.03884752325286772;
  0.9978183376585885, -0.04556775091732812, -0.04777180244230705;
  -0.04946020386029416, -0.03667374272646651, -0.9981025622793136]
[-10.71447337723553;
  2.36456625980902;
  74.28840444214823]

11
[0.1033615878587731, 0.9865238380054027, 0.1268349289525683;
  0.9934707202981987, -0.09620534394420599, -0.06132258724772684;
  -0.04829399616402789, 0.1323451882150121, -0.9900264850451436]
[-2.198070206642492;
  4.238226510033259;
  74.79963204775248]

12
[-0.05793389546122385, 0.931335649665751, 0.3595240901780591;
  0.8540463154536515, 0.2327218233432667, -0.4652369761743221;
  -0.5169608832559089, 0.2800972341910187, -0.808886261832782]
[0.9874245354059328;
  3.468752584998863;
  76.79595879603966]

13
[-0.296635244250565, 0.8513709646529852, -0.4326372758030136;
  0.8530521119441896, 0.0325640356143595, -0.5208086768594246;
  -0.4293129699601043, -0.5235523508975505, -0.7359234401034407]
[2.572075405371548;
  3.639651215723969;
  77.62108062069758]

14
[-0.08293793751468526, 0.7670845858049727, -0.6361623509303448;
  0.9961997019333712, 0.04677978944245698, -0.07346975682266421;
  -0.02659797715376544, -0.6398381744786195, -0.7680492549903264]
[2.878767262610646;
  -4.614826921808638;
  72.9366274949771]

15
[0.1950325804991139, 0.8909839580037224, -0.4100120475350418;
  0.880040563484435, 0.02558382458054331, 0.4742088933601202;
  0.433002193026611, -0.4533134175157986, -0.7791123451302082]
[-0.8570108857207073;
  -8.854145303250631;
  69.09417716485093]

16
[-0.03065166657515239, 0.8620902294811096, 0.5058269581283438;
  0.9635084510377973, 0.1601187388448775, -0.2145074689829475;
  -0.2659171677701723, 0.4807935375022562, -0.8355391278576705]
[-11.97061666658168;
  -1.196264833684407;
  63.95663154452082]

17
[-0.1848073551543153, 0.9810593062134578, 0.05804204659413516;
  0.9522432987292913, 0.1933601201333582, -0.236314544552745;
  -0.2430616002292932, 0.01159748395050902, -0.9699415223919393]
[-7.832803395802515;
  -3.552505061571457;
  68.39000520467033]

18
[0.04510750028750865, 0.9824229521188114, 0.1811365688312885;
  0.8955764571883743, 0.04056917374934188, -0.4430541179937454;
  -0.4426150954810877, 0.1822067103359682, -0.8780048929025466]
[-5.469396683672601;
  -2.589975478828188;
  61.59850970573125]

19
[0.08543676072817774, 0.9878162072629759, 0.1300757494111254;
  0.9855574437527534, -0.06463044047661293, -0.1565229415368158;
  -0.1462090454787753, 0.1415699361884039, -0.9790714316063955]
[-4.47165850382626;
  -2.219231285201226;
  50.31470084306656]

20
[-0.08689262619745186, 0.9306505904290295, -0.3554421894578753;
  0.9565549782107182, -0.02173108408659796, -0.2907410078484164;
  -0.2783024347230934, -0.3652632455072907, -0.888330184283231]
[-4.272485786757983;
  -1.355919841665684;
  58.72350936297239]

21
[-0.07443254621314943, 0.9917625280416582, 0.1042443477443578;
  0.717678940754829, 0.1258530914927039, -0.6849072472669244;
  -0.692384816457766, 0.02383458273493239, -0.721134646653867]
[-5.532423434577026;
  1.165387592049705;
  56.69763089455323]

22
[-0.1075761551297526, 0.9504590994644485, 0.2916416827079583;
  0.991710855740522, 0.1233180563864309, -0.03608650129168768;
  -0.07026342899333364, 0.2853421756668704, -0.9558466892403801]
[-5.677431668595156;
  -3.272592235667108;
  49.29473410194154]

23
[-0.03368029710889686, 0.980638962209199, 0.1929063591070077;
  0.9919978953262153, 0.05630046151544243, -0.1130063436339205;
  -0.121679140591212, 0.1875566150004142, -0.9746880028576173]
[-1.650083599880204;
  0.1517099804644505;
  56.02657323220916]

24
[0.06403000926525182, 0.9909523059611679, 0.1179562852235347;
  0.9961593993987367, -0.0705406804767762, 0.05186967695505319;
  0.05972109261425166, 0.1141820463475647, -0.9916631743635752]
[-6.169827381838668;
  -1.487278362102333;
  41.56548868504213]

25
[-0.07084130682038159, 0.9818723115366028, -0.1758074887078173;
  0.9648825496815858, 0.02275834077396788, -0.2616939495769404;
  -0.2529489564476256, -0.1881723193325329, -0.9490036900186808]
[-2.19432986828037;
  -1.852899418654185;
  59.00363472226397]

26
[-0.1835776232345412, 0.9425609558917408, -0.2790664807460843;
  0.9447698845212359, 0.09077055548377888, -0.3149135937981981;
  -0.2714942385195075, -0.3214646958619467, -0.9071666482874571]
[-1.481777693668589;
  -2.730746322015625;
  59.85925223411807]

27
[0.0546439053755261, 0.9868598412592112, 0.1520582037088264;
  0.9703249671588962, -0.01655785187568171, -0.2412370113588501;
  -0.2355493615219483, 0.1607280039417754, -0.9584795287513944]
[-6.215817012688732;
  0.632634173665886;
  54.43538585914924]

