<?xml version="1.0"?>
<opencv_storage>
<Points0>
  1.16344702e+03 1.12093468e+02 1.29442847e+03 1.36353973e+02
  1.59412720e+03 1.68382874e+02 8.06135071e+02 3.16419189e+02
  1.11316064e+03 4.82500244e+02 8.90815430e+02 5.05647308e+02
  5.71769714e+02 4.48674042e+02 6.59490784e+02 7.11864136e+02</Points0>
<Points1>
  7.62484314e+02 2.19456375e+02 9.56438843e+02 2.43668823e+02
  1.15686707e+03 2.39661575e+02 4.23197754e+02 3.78925964e+02
  7.87556458e+02 5.25145630e+02 6.21957031e+02 5.79549805e+02
  3.43500427e+02 6.04653503e+02 6.49067566e+02 1.03502649e+03</Points1>
</opencv_storage>

