<?xml version="1.0"?>
<opencv_storage>
<Points0>
  8.90846069e+02 5.05650421e+02 9.08733398e+02 6.59530518e+02
  2.27426361e+02 7.12136292e+02 8.10049622e+02 3.97255768e+02
  1.05085120e+03 4.14946045e+02 8.89899231e+02 5.14090942e+02
  6.52424561e+02 5.89345154e+02 1.01868427e+03 4.12151733e+02
  1.11316064e+03 4.82500244e+02 8.26169128e+02 4.15290649e+02
  1.45977966e+03 1.78647934e+02 1.59412720e+03 1.68382874e+02
  5.13624573e+02 4.49920624e+02 1.45085791e+03 8.71912079e+01
  8.17264587e+02 4.02962738e+02 8.27796814e+02 4.24460083e+02
  9.52145935e+02 7.86985168e+02 1.43675989e+03 9.76812820e+01
  1.25066272e+03 5.78450378e+02 6.40045593e+02 6.75590271e+02
  8.90842102e+02 5.05651367e+02 1.05100708e+03 4.14975677e+02
  9.01044373e+02 6.56527527e+02 6.41531250e+02 6.99840759e+02
  4.63792328e+02 1.11706360e+03 1.01872601e+03 4.12186035e+02
  1.29436572e+03 1.36408508e+02 1.35543176e+03 8.70132324e+02
  1.13261096e+03 1.18702490e+03 1.45981323e+03 1.78619949e+02
  1.59380786e+03 1.68416870e+02 8.24411194e+02 3.83699036e+02
  1.45468445e+03 5.52326965e+01 1.45063501e+03 8.80415039e+01
  8.17237976e+02 4.02966553e+02 8.27970337e+02 4.24508575e+02
  9.52101624e+02 7.86924072e+02 1.43668958e+03 9.92750931e+01
  8.90813049e+02 5.05642181e+02 2.27538315e+02 7.11956970e+02
  1.05095154e+03 4.14871796e+02 9.01007874e+02 6.56575012e+02
  1.01867578e+03 4.12153687e+02 8.13219971e+02 4.06893250e+02
  1.35535303e+03 8.70048950e+02 8.97453308e+02 3.41382965e+02
  8.26428589e+02 4.15363281e+02 1.45983337e+03 1.78669327e+02
  5.28825439e+02 4.36356445e+02 1.45470728e+03 5.49970512e+01
  1.45088464e+03 8.67816086e+01 8.17145386e+02 4.02969391e+02
  8.28037903e+02 4.24461182e+02 1.43511548e+03 9.68392715e+01
  8.90880493e+02 5.05687653e+02 9.08862000e+02 6.59860779e+02
  1.05100354e+03 4.14978394e+02 1.03266101e+03 4.15918671e+02
  6.38217041e+02 7.45133118e+02 1.41679846e+03 8.71950378e+02
  1.01874341e+03 4.12246979e+02 1.11320068e+03 4.82518768e+02
  1.29445740e+03 1.36397476e+02 1.13258582e+03 1.18719043e+03
  8.26125488e+02 4.15356812e+02 1.45987598e+03 1.78764725e+02
  5.28736755e+02 4.36421051e+02 9.07804504e+02 4.44146362e+02
  1.59396423e+03 1.68464005e+02 8.24514648e+02 3.83721191e+02
  1.45481970e+03 5.51735725e+01 1.45098645e+03 8.69349899e+01
  8.17206543e+02 4.03006897e+02 8.28169678e+02 4.24493744e+02
  1.43683838e+03 9.76886139e+01 1.08520117e+03 6.36893677e+02
  8.99508911e+02 4.45182800e+02 8.90881348e+02 5.05664490e+02
  1.02175232e+03 4.13349884e+02 1.05096362e+03 4.14898682e+02
  4.63797791e+02 1.11705078e+03 1.11316443e+03 4.82540131e+02
  1.29462122e+03 1.36294846e+02 1.27382715e+03 8.66432861e+02
  1.35539062e+03 8.70112793e+02 8.26351257e+02 4.15341492e+02
  1.45997107e+03 1.78725311e+02 8.15450684e+02 3.62256226e+02
  1.59392749e+03 1.68482346e+02 8.24500671e+02 3.83697754e+02
  9.45150635e+02 5.07582947e+02 1.45478870e+03 5.50189972e+01
  1.45084302e+03 8.72421799e+01 8.17225708e+02 4.02957611e+02
  8.27868774e+02 4.24451813e+02 9.75466614e+02 8.98797424e+02
  1.43721057e+03 9.74621735e+01 8.90852356e+02 5.05622803e+02
  6.58404114e+02 5.46722839e+02 9.08817200e+02 6.59716248e+02
  2.27570175e+02 7.11871216e+02 9.45990356e+02 7.42474060e+02
  1.56212793e+03 9.22530396e+02 1.04609204e+03 6.35016174e+02
  1.01865845e+03 4.12154297e+02 1.11315247e+03 4.82453918e+02
  1.29443042e+03 1.36307556e+02 1.35536011e+03 8.70027893e+02
  8.97318420e+02 3.41399200e+02 8.26129272e+02 4.15355621e+02
  1.45973621e+03 1.78605728e+02 5.28703064e+02 4.36405914e+02
  9.07827087e+02 4.44083557e+02 1.59397876e+03 1.68339874e+02
  8.24344116e+02 3.83690125e+02 1.45475146e+03 5.50515785e+01
  8.17171082e+02 4.02926575e+02 8.27892090e+02 4.24409607e+02
  8.99564819e+02 4.45703491e+02 8.90846252e+02 5.05606049e+02
  6.61638306e+02 5.39916748e+02 2.27602020e+02 7.11841858e+02
  2.27602020e+02 7.11841858e+02 1.02176746e+03 4.13336823e+02
  1.05109900e+03 4.14836578e+02 8.89890503e+02 5.14156616e+02
  1.01863379e+03 4.12132751e+02 1.36690308e+03 8.70050293e+02
  1.11320093e+03 4.82142090e+02 1.35542871e+03 8.70105225e+02
  8.97417847e+02 3.41366272e+02 8.26238953e+02 4.15329529e+02
  1.45990527e+03 1.78621765e+02 5.28818848e+02 4.36352051e+02
  9.07972778e+02 4.44181641e+02 1.59395935e+03 1.68366959e+02
  8.24254578e+02 3.83659027e+02 1.45472791e+03 5.49774017e+01
  1.45079565e+03 8.75245438e+01 8.17219177e+02 4.02977509e+02
  8.28034668e+02 4.24377441e+02 6.70544312e+02 6.44159241e+02
  8.90814209e+02 5.05699707e+02 9.08793152e+02 6.59722107e+02
  2.27630508e+02 7.11793396e+02 2.27630508e+02 7.11793396e+02
  1.05111462e+03 4.14876923e+02 8.89890564e+02 5.14371887e+02
  1.39198145e+03 1.11021704e+03 1.01862964e+03 4.12243591e+02
  1.11314502e+03 4.82560181e+02 9.43961609e+02 7.74945007e+02
  1.35534216e+03 8.70117676e+02 8.25963379e+02 4.15316162e+02
  6.69459778e+02 5.36903076e+02 1.46012915e+03 1.78702240e+02
  5.28890320e+02 4.36440521e+02 9.07948547e+02 4.44218781e+02
  1.59403198e+03 1.68480988e+02 9.60126038e+02 8.16930664e+02
  1.45475500e+03 5.50269394e+01 1.45074963e+03 8.75256577e+01
  1.15705945e+03 3.55742249e+02 8.17165894e+02 4.03036804e+02
  8.27865967e+02 4.24448486e+02 8.90826355e+02 5.05706024e+02
  6.68022827e+02 5.22369507e+02 9.08779907e+02 6.59728088e+02
  1.05097778e+03 4.14882202e+02 6.75552490e+02 6.41164062e+02
  1.43748315e+03 6.93222900e+02 1.01868597e+03 4.12148804e+02
  1.30601074e+03 8.07278931e+02 1.11321021e+03 4.82157196e+02
  8.97444580e+02 3.41413483e+02 8.26430298e+02 4.15394043e+02
  1.03982434e+03 9.98868042e+02 1.45981165e+03 1.78690048e+02
  8.15356873e+02 3.62253113e+02 9.07947449e+02 4.44166687e+02
  1.59404944e+03 1.68410187e+02 8.24338013e+02 3.83676117e+02
  1.45463428e+03 5.52882767e+01 1.45094507e+03 8.69120560e+01
  8.17174255e+02 4.02973145e+02 8.27971741e+02 4.24428162e+02
  9.75508972e+02 8.98769470e+02 6.75357605e+02 6.26640137e+02
  8.90847412e+02 5.05647034e+02 6.66864014e+02 5.15162781e+02
  1.19313074e+03 5.39742065e+02 1.52064990e+03 5.45338379e+02
  6.77377075e+02 6.36779358e+02 2.27585114e+02 7.11825500e+02
  8.89929749e+02 5.14242004e+02 6.76085144e+02 6.31721619e+02
  1.01863245e+03 4.12112610e+02 1.11315906e+03 4.82428864e+02
  1.35536462e+03 8.70102722e+02 8.26431702e+02 4.15404724e+02
  1.45977673e+03 1.78646942e+02 5.28919922e+02 4.36398926e+02
  9.07897217e+02 4.44161530e+02 1.59364905e+03 1.68407776e+02
  8.24316956e+02 3.83694611e+02 1.45475256e+03 5.51073685e+01
  1.45118042e+03 8.58119278e+01 8.17195862e+02 4.02946716e+02
  8.27849304e+02 4.24426788e+02 1.43519983e+03 9.71204376e+01
  8.90800659e+02 5.05716949e+02 6.68681152e+02 5.09241028e+02
  6.74746338e+02 6.18246643e+02 6.80612854e+02 6.28840820e+02
  9.08768677e+02 6.59675659e+02 2.27519196e+02 7.12097168e+02
  1.05099890e+03 4.14904999e+02 1.05591260e+03 7.15784119e+02
  1.01871771e+03 4.12160950e+02 9.43941284e+02 7.74867065e+02
  1.35537122e+03 8.70096802e+02 8.97324219e+02 3.41436462e+02
  8.26299316e+02 4.15350281e+02 6.74056946e+02 6.42534546e+02
  1.45988855e+03 1.78628174e+02 1.28007410e+03 2.48804123e+02
  5.28865173e+02 4.36363312e+02 9.07828857e+02 4.44133514e+02
  1.59391980e+03 1.68371307e+02 1.45462122e+03 5.50341339e+01
  1.45153906e+03 8.58449936e+01 8.17246033e+02 4.02953033e+02
  8.28013611e+02 4.24411255e+02 9.52116150e+02 7.86932190e+02
  6.70307251e+02 5.01822021e+02 8.90840393e+02 5.05617889e+02
  6.73683533e+02 6.10635498e+02 6.79825134e+02 6.20974548e+02
  2.27524872e+02 7.11975525e+02 9.46008301e+02 7.42495483e+02
  1.05101050e+03 4.14813507e+02 8.89911682e+02 5.13923828e+02
  1.05566492e+03 7.15780151e+02 1.51746936e+03 1.11407520e+03
  1.01871014e+03 4.12172119e+02 1.11320422e+03 4.82188934e+02
  1.35542810e+03 8.70095642e+02 8.97428528e+02 3.41382172e+02
  6.73078003e+02 6.34624084e+02 1.45983765e+03 1.78627609e+02
  9.07943787e+02 4.44132233e+02 1.59389575e+03 1.68389969e+02
  8.24102600e+02 3.83658081e+02 1.45458105e+03 5.46648293e+01
  1.45088916e+03 8.64352951e+01 8.17189880e+02 4.02957947e+02
