<?xml version="1.0"?>
<opencv_storage>
<Fundamental type_id="opencv-matrix">
  <rows>3</rows>
  <cols>3</cols>
  <dt>d</dt>
  <data>
    4.8636879970734633e-06 -6.3709999677542985e-05
    -9.3337222830713641e-03 7.1537319143484700e-05
    1.6885280127273156e-05 -2.0208225686218044e-02
    -5.5880317974323027e-03 -6.0329877801561472e-03 1.</data></Fundamental>
</opencv_storage>
