<?xml version="1.0"?>
<opencv_storage>
<Fundamental type_id="opencv-matrix">
  <rows>3</rows>
  <cols>3</cols>
  <dt>d</dt>
  <data>
    4.9548007646559154e-06 -6.4063519368284192e-05
    -9.5119584907594965e-03 7.1863977337401262e-05
    1.7042769499440367e-05 -2.0331120470594939e-02
    -5.5837433860498227e-03 -5.9873495141553939e-03 1.</data></Fundamental>
</opencv_storage>
