<?xml version="1.0"?>
<opencv_storage>
<Fundamental type_id="opencv-matrix">
  <rows>3</rows>
  <cols>3</cols>
  <dt>d</dt>
  <data>
    4.9019406037995326e-06 -6.4377282030880933e-05
    -9.4261876004363455e-03 7.2306396937784530e-05
    1.7057745431611372e-05 -2.0399632390512679e-02
    -5.6338141690946099e-03 -6.1317678367454375e-03 1.</data></Fundamental>
</opencv_storage>
