<?xml version="1.0"?>
<opencv_storage>
<Fundamental type_id="opencv-matrix">
  <rows>3</rows>
  <cols>3</cols>
  <dt>d</dt>
  <data>
    4.8641745830406336e-06 -6.4180824321419865e-05
    -9.3532822821872832e-03 7.2046907430126843e-05
    1.7021749930014828e-05 -2.0339038971417697e-02
    -5.6160883316310160e-03 -6.1195953044415365e-03 1.</data></Fundamental>
</opencv_storage>
