<?xml version="1.0"?>
<opencv_storage>
<Fundamental type_id="opencv-matrix">
  <rows>3</rows>
  <cols>3</cols>
  <dt>d</dt>
  <data>
    4.9010725266892807e-06 -6.4419738298288358e-05
    -9.4253439760965986e-03 7.2347276306314461e-05
    1.7066633910442173e-05 -2.0406468068056398e-02
    -5.6369278000649127e-03 -6.1398818023056653e-03 1.</data></Fundamental>
</opencv_storage>
