<?xml version="1.0"?>
<opencv_storage>
<Fundamental type_id="opencv-matrix">
  <rows>3</rows>
  <cols>3</cols>
  <dt>d</dt>
  <data>
    4.9563029509586018e-06 -6.5200099551348324e-05
    -9.5020365467291795e-03 7.3309883756686388e-05
    1.7122687378851948e-05 -2.0515838072118247e-02
    -5.7466352054365471e-03 -6.3155744750156961e-03 1.</data></Fundamental>
</opencv_storage>
