<?xml version="1.0"?>
<opencv_storage>
<Fundamental type_id="opencv-matrix">
  <rows>3</rows>
  <cols>3</cols>
  <dt>d</dt>
  <data>
    4.9563029491068184e-06 -6.5200099524576134e-05
    -9.5020365426201035e-03 7.3309883726228764e-05
    1.7122687372443771e-05 -2.0515838064972227e-02
    -5.7466352035391204e-03 -6.3155744713912221e-03 1.</data></Fundamental>
</opencv_storage>
