<?xml version="1.0"?>
<opencv_storage>
<Fundamental type_id="opencv-matrix">
  <rows>3</rows>
  <cols>3</cols>
  <dt>d</dt>
  <data>
    4.7866340305423332e-06 -6.3020620598381417e-05
    -9.1820735902733569e-03 7.0735273489593459e-05
    1.6767357308367827e-05 -2.0044671700823882e-02
    -5.5318088679902760e-03 -5.9643507725896687e-03 1.</data></Fundamental>
</opencv_storage>
