<?xml version="1.0"?>
<opencv_storage>
<Fundamental type_id="opencv-matrix">
  <rows>3</rows>
  <cols>3</cols>
  <dt>d</dt>
  <data>
    5.3743018384415325e-06 -7.2038260644583381e-05
    -1.0460422297745183e-02 8.1208139819604014e-05
    1.8698435442367469e-05 -2.2329312142942079e-02
    -6.2634224116990657e-03 -7.3336035675318056e-03 1.</data></Fundamental>
</opencv_storage>
