<?xml version="1.0"?>
<opencv_storage>
<Fundamental type_id="opencv-matrix">
  <rows>3</rows>
  <cols>3</cols>
  <dt>d</dt>
  <data>
    4.9253206804269162e-06 -6.3678111741976440e-05
    -9.4480226906083539e-03 7.1431236957724778e-05
    1.6945083936249093e-05 -2.0227778561501333e-02
    -5.5577391640380062e-03 -5.9390169753388393e-03 1.</data></Fundamental>
</opencv_storage>
