<?xml version="1.0"?>
<opencv_storage>
<Fundamental type_id="opencv-matrix">
  <rows>3</rows>
  <cols>3</cols>
  <dt>d</dt>
  <data>
    5.4069985223881109e-06 -7.0488947183132430e-05
    -1.0553627429888527e-02 7.9074372420017102e-05
    1.8756231834586882e-05 -2.2157895901536016e-02
    -5.9780931132834975e-03 -6.7791637445131139e-03 1.</data></Fundamental>
</opencv_storage>
