<?xml version="1.0"?>
<opencv_storage>
<Fundamental type_id="opencv-matrix">
  <rows>3</rows>
  <cols>3</cols>
  <dt>d</dt>
  <data>
    4.9154293387434678e-06 -6.4066604703412092e-05
    -9.4404321558879314e-03 7.1916234392439723e-05
    1.7027648179081336e-05 -2.0329796504386481e-02
    -5.5990820271777358e-03 -6.0475972028247969e-03 1.</data></Fundamental>
</opencv_storage>
