<?xml version="1.0"?>
<opencv_storage>
<Fundamental type_id="opencv-matrix">
  <rows>3</rows>
  <cols>3</cols>
  <dt>d</dt>
  <data>
    4.8200577238711080e-06 -6.2496437894851855e-05
    -9.2450246127692339e-03 7.0105455509993298e-05
    1.6718326370949639e-05 -1.9965208745670933e-02
    -5.4609650730659360e-03 -5.7911075257852194e-03 1.</data></Fundamental>
</opencv_storage>
