<?xml version="1.0"?>
<opencv_storage>
<Fundamental type_id="opencv-matrix">
  <rows>3</rows>
  <cols>3</cols>
  <dt>d</dt>
  <data>
    4.7705679686258222e-06 -6.1865562830057088e-05
    -9.1315006574795906e-03 6.9403479975049275e-05
    1.6544256886271718e-05 -1.9781156228739782e-02
    -5.4256993251993501e-03 -5.7229245509884666e-03 1.</data></Fundamental>
</opencv_storage>
