<?xml version="1.0"?>
<opencv_storage>
<Fundamental type_id="opencv-matrix">
  <rows>3</rows>
  <cols>3</cols>
  <dt>d</dt>
  <data>
    4.5871897376396846e-06 -5.9536707411761995e-05
    -8.7240971825108989e-03 6.6722248781834613e-05
    1.5984023612718349e-05 -1.9140394759385844e-02
    -5.2626977901300562e-03 -5.4325466300606685e-03 1.</data></Fundamental>
</opencv_storage>
