<?xml version="1.0"?>
<opencv_storage>
<Fundamental type_id="opencv-matrix">
  <rows>3</rows>
  <cols>3</cols>
  <dt>d</dt>
  <data>
    4.6691158663805656e-06 -6.0403154044422947e-05
    -8.9259793833056482e-03 6.7644905162425568e-05
    1.6271425202482389e-05 -1.9435561351613971e-02
    -5.2829335905310981e-03 -5.4718772814585483e-03 1.</data></Fundamental>
</opencv_storage>
