<?xml version="1.0"?>
<opencv_storage>
<Fundamental type_id="opencv-matrix">
  <rows>3</rows>
  <cols>3</cols>
  <dt>d</dt>
  <data>
    4.0730386252019645e-06 -5.1365120648834904e-05
    -7.6811204390762541e-03 5.7234629252615720e-05
    1.4461640090061334e-05 -1.7261100661916041e-02
    -4.5267944019261944e-03 -4.1092086618887812e-03 1.</data></Fundamental>
</opencv_storage>
