<?xml version="1.0"?>
<opencv_storage>
<Fundamental type_id="opencv-matrix">
  <rows>3</rows>
  <cols>3</cols>
  <dt>d</dt>
  <data>
    4.9561274517627917e-06 -6.4532002169335375e-05
    -9.5834275817217856e-03 7.2285844997124806e-05
    1.7380329641536567e-05 -2.0604101759594692e-02
    -5.5428064598234518e-03 -5.9973050504596066e-03 1.</data></Fundamental>
</opencv_storage>
