<?xml version="1.0"?>
<opencv_storage>
<Fundamental type_id="opencv-matrix">
  <rows>3</rows>
  <cols>3</cols>
  <dt>d</dt>
  <data>
    4.5479157510951008e-06 -5.8791535492120664e-05
    -8.6504183957323063e-03 6.5836621749483005e-05
    1.5852352050783569e-05 -1.8979166192025179e-02
    -5.1848483059517454e-03 -5.2847667595992028e-03 1.</data></Fundamental>
</opencv_storage>
