<?xml version="1.0"?>
<opencv_storage>
<Fundamental type_id="opencv-matrix">
  <rows>3</rows>
  <cols>3</cols>
  <dt>d</dt>
  <data>
    4.7140947768474988e-06 -6.1584501523646992e-05
    -8.9764485908365461e-03 6.9118102590578242e-05
    1.6344315959632648e-05 -1.9599205742200154e-02
    -5.4553866183602844e-03 -5.7787387445520002e-03 1.</data></Fundamental>
</opencv_storage>
