<?xml version="1.0"?>
<opencv_storage>
<Fundamental type_id="opencv-matrix">
  <rows>3</rows>
  <cols>3</cols>
  <dt>d</dt>
  <data>
    4.6027614025253228e-06 -5.9884738978236579e-05
    -8.7507784232520747e-03 6.7142038986017988e-05
    1.6024393614543277e-05 -1.9203862669169385e-02
    -5.3038910856478662e-03 -5.5068639868375777e-03 1.</data></Fundamental>
</opencv_storage>
