<?xml version="1.0"?>
<opencv_storage>
<Fundamental type_id="opencv-matrix">
  <rows>3</rows>
  <cols>3</cols>
  <dt>d</dt>
  <data>
    4.6121182141579103e-06 -5.9960414155860731e-05
    -8.7716444556183559e-03 6.7219772293726049e-05
    1.6053142663436759e-05 -1.9229606582601914e-02
    -5.3052615648561535e-03 -5.5087169553167028e-03 1.</data></Fundamental>
</opencv_storage>
