<?xml version="1.0"?>
<opencv_storage>
<Fundamental type_id="opencv-matrix">
  <rows>3</rows>
  <cols>3</cols>
  <dt>d</dt>
  <data>
    4.4716892307000380e-06 -5.6847915341512195e-05
    -8.6381995654447787e-03 6.3268609110160386e-05
    1.6013995913366719e-05 -1.8883268439950012e-02
    -4.8097153114473722e-03 -4.6747634510543616e-03 1.</data></Fundamental>
</opencv_storage>
