<?xml version="1.0"?>
<opencv_storage>
<Fundamental type_id="opencv-matrix">
  <rows>3</rows>
  <cols>3</cols>
  <dt>d</dt>
  <data>
    4.3523492118080962e-06 -5.5220320830694575e-05
    -8.3398785141542142e-03 6.1482257009084484e-05
    1.5519449672177076e-05 -1.8371900054640424e-02
    -4.7375241286964544e-03 -4.5213049712340544e-03 1.</data></Fundamental>
</opencv_storage>
