<?xml version="1.0"?>
<opencv_storage>
<Fundamental type_id="opencv-matrix">
  <rows>3</rows>
  <cols>3</cols>
  <dt>d</dt>
  <data>
    4.3037711912868007e-06 -5.4432036032883312e-05
    -8.2653332713249483e-03 6.0541900882726649e-05
    1.5442743320614247e-05 -1.8244674811143391e-02
    -4.6417087796506830e-03 -4.3620206152512574e-03 1.</data></Fundamental>
</opencv_storage>
