<?xml version="1.0"?>
<opencv_storage>
<Fundamental type_id="opencv-matrix">
  <rows>3</rows>
  <cols>3</cols>
  <dt>d</dt>
  <data>
    4.3549451282450719e-06 -5.5114080217089665e-05
    -8.3775437065869290e-03 6.1312352741496818e-05
    1.5620556366119451e-05 -1.8432017475131120e-02
    -4.6876891314720131e-03 -4.4494625450651366e-03 1.</data></Fundamental>
</opencv_storage>
