<?xml version="1.0"?>
<opencv_storage>
<Fundamental type_id="opencv-matrix">
  <rows>3</rows>
  <cols>3</cols>
  <dt>d</dt>
  <data>
    5.2873696945047138e-06 -6.9073644754959269e-05
    -1.0382144513849162e-02 7.7268016041559661e-05
    1.8704414349285611e-05 -2.1967699912692117e-02
    -5.7657603094295410e-03 -6.4608181061152443e-03 1.</data></Fundamental>
</opencv_storage>
