<?xml version="1.0"?>
<opencv_storage>
<Fundamental type_id="opencv-matrix">
  <rows>3</rows>
  <cols>3</cols>
  <dt>d</dt>
  <data>
    4.4847382945163426e-06 -5.6642102025666491e-05
    -8.6611155386639733e-03 6.3059605087704477e-05
    1.6012506747301898e-05 -1.8872315935363402e-02
    -4.7851328598231884e-03 -4.6262377435047882e-03 1.</data></Fundamental>
</opencv_storage>
