<?xml version="1.0"?>
<opencv_storage>
<Fundamental type_id="opencv-matrix">
  <rows>3</rows>
  <cols>3</cols>
  <dt>d</dt>
  <data>
    4.2919285087065466e-06 -5.4375204687486375e-05
    -8.2144063544706512e-03 6.0537424800471404e-05
    1.5324163211760951e-05 -1.8158889512391311e-02
    -4.6766476047757684e-03 -4.4089915090526517e-03 1.</data></Fundamental>
</opencv_storage>
