<?xml version="1.0"?>
<opencv_storage>
<Fundamental type_id="opencv-matrix">
  <rows>3</rows>
  <cols>3</cols>
  <dt>d</dt>
  <data>
    4.2776198034024900e-06 -5.4256958448720492e-05
    -8.1829094772910612e-03 6.0397011626069341e-05
    1.5290156477471318e-05 -1.8120148723162928e-02
    -4.6700505012197014e-03 -4.3993830256223616e-03 1.</data></Fundamental>
</opencv_storage>
