<?xml version="1.0"?>
<opencv_storage>
<Fundamental type_id="opencv-matrix">
  <rows>3</rows>
  <cols>3</cols>
  <dt>d</dt>
  <data>
    5.0102145749321678e-06 -6.4624721256587397e-05
    -9.7750119676813067e-03 7.2174436474726252e-05
    1.7692125455188460e-05 -2.0822615760378548e-02
    -5.4247353301289693e-03 -5.7970800383152698e-03 1.</data></Fundamental>
</opencv_storage>
