<?xml version="1.0"?>
<opencv_storage>
<Fundamental type_id="opencv-matrix">
  <rows>3</rows>
  <cols>3</cols>
  <dt>d</dt>
  <data>
    5.1150788098465485e-06 -6.6110054709570467e-05
    -1.0000538862412523e-02 7.3867537013864166e-05
    1.8026715644980430e-05 -2.1202206767802712e-02
    -5.5366477551512562e-03 -6.0024631118884000e-03 1.</data></Fundamental>
</opencv_storage>
