<?xml version="1.0"?>
<opencv_storage>
<Fundamental type_id="opencv-matrix">
  <rows>3</rows>
  <cols>3</cols>
  <dt>d</dt>
  <data>
    4.3036666344768709e-06 -5.4516199575408254e-05
    -8.2394719480908211e-03 6.0690067721394061e-05
    1.5356179268914675e-05 -1.8194109039207106e-02
    -4.6853642499348593e-03 -4.4230512506766573e-03 1.</data></Fundamental>
</opencv_storage>
