<?xml version="1.0"?>
<opencv_storage>
<Fundamental type_id="opencv-matrix">
  <rows>3</rows>
  <cols>3</cols>
  <dt>d</dt>
  <data>
    5.1328812466366727e-06 -6.6574931372655598e-05
    -1.0002530981456875e-02 7.4442484158859668e-05
    1.8044555430200550e-05 -2.1235466257021968e-02
    -5.6175828312979032e-03 -6.1470576136312561e-03 1.</data></Fundamental>
</opencv_storage>
