<?xml version="1.0"?>
<opencv_storage>
<Fundamental type_id="opencv-matrix">
  <rows>3</rows>
  <cols>3</cols>
  <dt>d</dt>
  <data>
    5.4706517058211379e-06 -7.1007302486523100e-05
    -1.0758556850718288e-02 7.9419271977139655e-05
    1.9164832352774847e-05 -2.2457021907267689e-02
    -5.8995767469085074e-03 -6.6701410076119841e-03 1.</data></Fundamental>
</opencv_storage>
