<?xml version="1.0"?>
<opencv_storage>
<Fundamental type_id="opencv-matrix">
  <rows>3</rows>
  <cols>3</cols>
  <dt>d</dt>
  <data>
    4.3819689809871206e-06 -5.5179327891445882e-05
    -8.3919391571672802e-03 6.1462375641384387e-05
    1.5529272435297317e-05 -1.8376267554078556e-02
    -4.7351371113450169e-03 -4.5006384786685132e-03 1.</data></Fundamental>
</opencv_storage>
