<?xml version="1.0"?>
<opencv_storage>
<Fundamental type_id="opencv-matrix">
  <rows>3</rows>
  <cols>3</cols>
  <dt>d</dt>
  <data>
    5.2018023979168412e-06 -6.7522342162759641e-05
    -1.0188854042002159e-02 7.5459497855774913e-05
    1.8394203986100330e-05 -2.1574919638822465e-02
    -5.6398296908478553e-03 -6.2169404915969687e-03 1.</data></Fundamental>
</opencv_storage>
