<?xml version="1.0"?>
<opencv_storage>
<Fundamental type_id="opencv-matrix">
  <rows>3</rows>
  <cols>3</cols>
  <dt>d</dt>
  <data>
    5.2126237842548372e-06 -6.7569422345998916e-05
    -1.0216021058344290e-02 7.5512214230110815e-05
    1.8421944905513587e-05 -2.1604896698055445e-02
    -5.6361486597463146e-03 -6.2084012429063648e-03 1.</data></Fundamental>
</opencv_storage>
