<?xml version="1.0"?>
<opencv_storage>
<Fundamental type_id="opencv-matrix">
  <rows>3</rows>
  <cols>3</cols>
  <dt>d</dt>
  <data>
    4.3026849393825828e-06 -5.4520119751694475e-05
    -8.2166212363577410e-03 6.0702361729201906e-05
    1.5334882623160396e-05 -1.8161549667768520e-02
    -4.7029453607740669e-03 -4.4548220236340025e-03 1.</data></Fundamental>
</opencv_storage>
