<?xml version="1.0"?>
<opencv_storage>
<Fundamental type_id="opencv-matrix">
  <rows>3</rows>
  <cols>3</cols>
  <dt>d</dt>
  <data>
    5.3531254270223122e-06 -6.9559955309776491e-05
    -1.0523809919131514e-02 7.7779138561220293e-05
    1.8878872229719987e-05 -2.2123311387714471e-02
    -5.7814786435579045e-03 -6.4767145719131338e-03 1.</data></Fundamental>
</opencv_storage>
