<?xml version="1.0"?>
<opencv_storage>
<Fundamental type_id="opencv-matrix">
  <rows>3</rows>
  <cols>3</cols>
  <dt>d</dt>
  <data>
    4.4390832031053782e-06 -5.6330086402425292e-05
    -8.5387382998772087e-03 6.2704862740665815e-05
    1.5891082628536298e-05 -1.8718119653516250e-02
    -4.7948020118328870e-03 -4.6503763099908866e-03 1.</data></Fundamental>
</opencv_storage>
