<?xml version="1.0"?>
<opencv_storage>
<Fundamental type_id="opencv-matrix">
  <rows>3</rows>
  <cols>3</cols>
  <dt>d</dt>
  <data>
    5.2059137486717910e-06 -6.7354033095437326e-05
    -1.0203812171650898e-02 7.5241514681150706e-05
    1.8400427820195740e-05 -2.1561763552812453e-02
    -5.6098092264391317e-03 -6.1580686301826500e-03 1.</data></Fundamental>
</opencv_storage>
