<?xml version="1.0"?>
<opencv_storage>
<Fundamental type_id="opencv-matrix">
  <rows>3</rows>
  <cols>3</cols>
  <dt>d</dt>
  <data>
    5.2245826958576458e-06 -6.7267480640606245e-05
    -1.0181763937499588e-02 7.5261387282074272e-05
    1.8217216677899268e-05 -2.1424159182405998e-02
    -5.6718244661777949e-03 -6.2169826357582041e-03 1.</data></Fundamental>
</opencv_storage>
