<?xml version="1.0"?>
<opencv_storage>
<Fundamental type_id="opencv-matrix">
  <rows>3</rows>
  <cols>3</cols>
  <dt>d</dt>
  <data>
    5.0482983989860149e-06 -6.4735669986716167e-05
    -9.9356075659308308e-03 7.2125829476395601e-05
    1.8052374236990311e-05 -2.1079644016433949e-02
    -5.3115781853970770e-03 -5.6385823482397145e-03 1.</data></Fundamental>
</opencv_storage>
