<?xml version="1.0"?>
<opencv_storage>
<Points0>
  8.90846069e+02 5.05650421e+02 9.08733398e+02 6.59530518e+02
  8.10049622e+02 3.97255768e+02 1.05085120e+03 4.14946045e+02
  8.89899231e+02 5.14090942e+02 6.52424561e+02 5.89345154e+02
  1.01868427e+03 4.12151733e+02 1.11316064e+03 4.82500244e+02
  8.26169128e+02 4.15290649e+02 1.45977966e+03 1.78647934e+02
  1.59412720e+03 1.68382874e+02 1.45085791e+03 8.71912079e+01
  8.17264587e+02 4.02962738e+02 8.27796814e+02 4.24460083e+02
  8.90842102e+02 5.05651367e+02 1.05100708e+03 4.14975677e+02
  1.01872601e+03 4.12186035e+02 1.45981323e+03 1.78619949e+02
  1.59380786e+03 1.68416870e+02 8.24411194e+02 3.83699036e+02
  1.45468445e+03 5.52326965e+01 1.45063501e+03 8.80415039e+01
  8.17237976e+02 4.02966553e+02 8.27970337e+02 4.24508575e+02
  8.90813049e+02 5.05642181e+02 1.05095154e+03 4.14871796e+02
  1.01867578e+03 4.12153687e+02 8.13219971e+02 4.06893250e+02
  8.97453308e+02 3.41382965e+02 8.26428589e+02 4.15363281e+02
  1.45983337e+03 1.78669327e+02 1.45470728e+03 5.49970512e+01
  8.17145386e+02 4.02969391e+02 8.28037903e+02 4.24461182e+02
  8.90880493e+02 5.05687653e+02 9.08862000e+02 6.59860779e+02
  1.05100354e+03 4.14978394e+02 1.03266101e+03 4.15918671e+02
  1.01874341e+03 4.12246979e+02 1.11320068e+03 4.82518768e+02
  8.26125488e+02 4.15356812e+02 1.59396423e+03 1.68464005e+02
  8.24514648e+02 3.83721191e+02 1.45481970e+03 5.51735725e+01
  8.17206543e+02 4.03006897e+02 8.28169678e+02 4.24493744e+02
  8.90881348e+02 5.05664490e+02 1.02175232e+03 4.13349884e+02
  1.05096362e+03 4.14898682e+02 1.11316443e+03 4.82540131e+02
  8.26351257e+02 4.15341492e+02 1.45997107e+03 1.78725311e+02
  1.59392749e+03 1.68482346e+02 8.24500671e+02 3.83697754e+02
  1.45478870e+03 5.50189972e+01 1.45084302e+03 8.72421799e+01
  8.17225708e+02 4.02957611e+02 8.27868774e+02 4.24451813e+02
  8.90852356e+02 5.05622803e+02 6.58404114e+02 5.46722839e+02
  9.08817200e+02 6.59716248e+02 1.01865845e+03 4.12154297e+02
  1.11315247e+03 4.82453918e+02 8.97318420e+02 3.41399200e+02
  8.26129272e+02 4.15355621e+02 1.45973621e+03 1.78605728e+02
  1.59397876e+03 1.68339874e+02 8.24344116e+02 3.83690125e+02
  1.45475146e+03 5.50515785e+01 8.17171082e+02 4.02926575e+02
  8.27892090e+02 4.24409607e+02 8.90846252e+02 5.05606049e+02
  6.61638306e+02 5.39916748e+02 1.02176746e+03 4.13336823e+02
  1.05109900e+03 4.14836578e+02 8.89890503e+02 5.14156616e+02
  1.01863379e+03 4.12132751e+02 8.97417847e+02 3.41366272e+02
  8.26238953e+02 4.15329529e+02 1.45990527e+03 1.78621765e+02
  1.59395935e+03 1.68366959e+02 8.24254578e+02 3.83659027e+02
  1.45472791e+03 5.49774017e+01 1.45079565e+03 8.75245438e+01
  8.17219177e+02 4.02977509e+02 8.28034668e+02 4.24377441e+02
  8.90814209e+02 5.05699707e+02 9.08793152e+02 6.59722107e+02
  1.05111462e+03 4.14876923e+02 8.89890564e+02 5.14371887e+02
  1.01862964e+03 4.12243591e+02 1.11314502e+03 4.82560181e+02
  8.25963379e+02 4.15316162e+02 6.69459778e+02 5.36903076e+02
  1.46012915e+03 1.78702240e+02 1.59403198e+03 1.68480988e+02
  1.45475500e+03 5.50269394e+01 1.45074963e+03 8.75256577e+01
  8.17165894e+02 4.03036804e+02 8.27865967e+02 4.24448486e+02
  8.90826355e+02 5.05706024e+02 6.68022827e+02 5.22369507e+02
  9.08779907e+02 6.59728088e+02 1.05097778e+03 4.14882202e+02
  6.75552490e+02 6.41164062e+02 1.01868597e+03 4.12148804e+02
  8.97444580e+02 3.41413483e+02 8.26430298e+02 4.15394043e+02
  1.45981165e+03 1.78690048e+02 1.59404944e+03 1.68410187e+02
  8.24338013e+02 3.83676117e+02 1.45463428e+03 5.52882767e+01
  8.17174255e+02 4.02973145e+02 8.27971741e+02 4.24428162e+02
  6.75357605e+02 6.26640137e+02 8.90847412e+02 5.05647034e+02
  6.66864014e+02 5.15162781e+02 6.77377075e+02 6.36779358e+02
  8.89929749e+02 5.14242004e+02 6.76085144e+02 6.31721619e+02
  1.01863245e+03 4.12112610e+02 8.26431702e+02 4.15404724e+02
  1.45977673e+03 1.78646942e+02 1.59364905e+03 1.68407776e+02
  8.24316956e+02 3.83694611e+02 1.45475256e+03 5.51073685e+01
  8.17195862e+02 4.02946716e+02 8.27849304e+02 4.24426788e+02
  8.90800659e+02 5.05716949e+02 6.68681152e+02 5.09241028e+02
  6.74746338e+02 6.18246643e+02 6.80612854e+02 6.28840820e+02
  9.08768677e+02 6.59675659e+02 1.05099890e+03 4.14904999e+02
  1.01871771e+03 4.12160950e+02 8.97324219e+02 3.41436462e+02
  8.26299316e+02 4.15350281e+02 1.45988855e+03 1.78628174e+02
  1.28007410e+03 2.48804123e+02 1.59391980e+03 1.68371307e+02
  1.45462122e+03 5.50341339e+01 8.17246033e+02 4.02953033e+02
  8.28013611e+02 4.24411255e+02 6.70307251e+02 5.01822021e+02
  8.90840393e+02 5.05617889e+02 6.73683533e+02 6.10635498e+02
  6.79825134e+02 6.20974548e+02 1.05101050e+03 4.14813507e+02
  8.89911682e+02 5.13923828e+02 1.01871014e+03 4.12172119e+02
  8.97428528e+02 3.41382172e+02 1.45983765e+03 1.78627609e+02
  1.59389575e+03 1.68389969e+02 1.45458105e+03 5.46648293e+01
  8.17189880e+02 4.02957947e+02 8.28070984e+02 4.24424011e+02
  6.72113586e+02 4.93223419e+02 8.90868408e+02 5.05596680e+02
  6.76505981e+02 6.03499634e+02 6.81449341e+02 6.08780762e+02
  6.82550903e+02 6.13587219e+02 1.05096887e+03 4.14882935e+02
  8.89979431e+02 5.14106934e+02 1.01868323e+03 4.12204559e+02
  1.11315271e+03 4.82508148e+02 6.75798401e+02 4.99523773e+02
  8.97463562e+02 3.41414612e+02 8.26831177e+02 4.15627502e+02
  1.45989868e+03 1.78726135e+02 1.59395581e+03 1.68399979e+02
  1.45469153e+03 5.49989128e+01 8.17203735e+02 4.02938812e+02
  8.27846497e+02 4.24455597e+02 6.78161011e+02 4.85644684e+02
  8.90824768e+02 5.05663055e+02 6.78973145e+02 5.97036682e+02
  6.83753784e+02 6.02974731e+02 6.84418152e+02 6.07674438e+02
  1.05082971e+03 4.14898346e+02 8.89857178e+02 5.14308167e+02
  1.01872339e+03 4.12192963e+02 8.97368103e+02 3.41399628e+02
  8.26197083e+02 4.15288544e+02 6.81411865e+02 4.91804352e+02
  1.45975159e+03 1.78652695e+02 1.45470361e+03 5.49090233e+01
  8.17166931e+02 4.03026733e+02 8.27848450e+02 4.24468506e+02
  6.72846436e+02 5.80380005e+02 6.85788696e+02 5.89545532e+02
  6.84771545e+02 4.79944672e+02 8.90845154e+02 5.05665894e+02
  8.27093384e+02 3.72284821e+02 1.05077344e+03 4.14975708e+02
  6.69898376e+02 5.76690063e+02 1.01866296e+03 4.12170319e+02
  6.87445190e+02 4.86318542e+02 8.26324158e+02 4.15405579e+02
  1.45999084e+03 1.78658798e+02 1.45478052e+03 5.51481781e+01
  8.17236206e+02 4.02991791e+02 8.27885681e+02 4.24435608e+02
  6.97690857e+02 4.74254791e+02 8.90830627e+02 5.05674591e+02
  6.89050415e+02 5.87682434e+02 8.89903076e+02 5.14069275e+02
  1.01869495e+03 4.12224152e+02 1.11315112e+03 4.82554443e+02
  8.26198792e+02 4.15398254e+02 1.45988513e+03 1.78659348e+02
  8.17201721e+02 4.03039215e+02 8.28024414e+02 4.24441223e+02
  8.90838440e+02 5.05575012e+02 6.89278931e+02 5.80023560e+02
  8.30380493e+02 3.76723328e+02 1.05104333e+03 4.14799194e+02
  1.01864014e+03 4.12117737e+02 1.11315979e+03 4.82430420e+02
  8.26217163e+02 4.15298676e+02 1.45989160e+03 1.78605591e+02
  1.59377795e+03 1.68357239e+02 1.45472729e+03 5.51971550e+01
  8.17192383e+02 4.02947998e+02 8.27843201e+02 4.24410431e+02
  7.29857056e+02 4.60232727e+02 8.90874756e+02 5.05659790e+02
  6.92015320e+02 5.73443481e+02 1.05098987e+03 4.14915833e+02
  1.01856799e+03 4.12168945e+02 1.11312268e+03 4.82560516e+02
  8.26235352e+02 4.15395996e+02 1.45994409e+03 1.78722336e+02
  1.59388928e+03 1.68415054e+02 1.45482434e+03 5.52250061e+01
  8.17226257e+02 4.02990387e+02 8.27882019e+02 4.24456879e+02
  7.49315857e+02 4.51688110e+02 6.90550110e+02 5.62733643e+02
  8.90867981e+02 5.05639923e+02 6.91359863e+02 5.67536499e+02
  6.92695679e+02 5.72185547e+02 1.05107678e+03 4.14834625e+02
  1.01867944e+03 4.12192841e+02 1.11315234e+03 4.82480194e+02
  8.97269775e+02 3.41452911e+02 8.26267456e+02 4.15392700e+02
  1.45981799e+03 1.78666901e+02 1.59399402e+03 1.68330414e+02
  1.45463049e+03 5.51032028e+01 8.17154297e+02 4.02958282e+02
  8.27751038e+02 4.24469635e+02 7.62635071e+02 4.41603577e+02
  8.90856140e+02 5.05605743e+02 6.92877502e+02 5.61865112e+02
  6.94346375e+02 5.66458923e+02 1.03220483e+03 4.15870941e+02
