0
[0.07675464315875591, -0.8775366080102333, -0.4733267648839078;
  -0.9893250153028897, -0.1260111863143216, 0.07319286180765303;
  -0.1238738828385908, 0.4626561169222249, -0.8778408617881374]
[5.446794918818848;
  2.158461868715109;
  32.5119586666362]

1
[-0.02143724033677941, -0.9872219968249736, 0.1579024183211112;
  -0.9949078260745623, 0.03662305088692885, 0.09389978572564404;
  -0.09848280226685066, -0.1550853994696001, -0.982979987857852]
[4.416962965112982;
  0.7630877025820499;
  36.8624587341405]

2
[-0.07694399783997841, -0.7966661254382178, 0.5995020481830394;
  -0.9811229353707106, 0.1674960716789529, 0.0966584277840262;
  -0.1774187331877953, -0.5807479234154669, -0.794515224877825]
[1.058943769749845;
  0.5791773147458511;
  40.37186738053003]

3
[-0.4344923150330625, -0.7358109823089247, 0.5194214343775055;
  -0.8980822284909142, 0.3102066934009161, -0.3118014083323926;
  0.0682988949105571, -0.6019584750486078, -0.7956011910946033]
[1.002616058453051;
  2.712771296691624;
  39.64857475959395]

4
[0.1393819910214367, -0.9061471997858324, 0.3993368413998326;
  -0.9804404853547506, -0.0696934340833788, 0.1840632497893233;
  -0.1389572425469116, -0.4171811088315969, -0.8981374099645322]
[0.8178767726855124;
  0.6305732739377912;
  41.49278593588209]

5
[0.2158752535796253, -0.8165718171652369, 0.5353581439591593;
  -0.8656206741260916, 0.09363426264741703, 0.4918673331132751;
  -0.4517728670664314, -0.5695990627361828, -0.6866281266541873]
[-0.3296652212439943;
  -0.7609348935829768;
  41.48774769126577]

6
[0.3432167770861434, -0.9391997152469763, -0.01030236897994852;
  -0.9103328873644022, -0.335328832257438, 0.2425873212673191;
  -0.2312926244163242, -0.07388145326712016, -0.9700748696640624]
[1.068259579480746;
  1.08294193017823;
  40.4003576755898]

7
[0.07554135743454471, -0.9369532994752546, -0.3411920543028221;
  -0.9861440355706838, -0.1208797512161831, 0.1136134976764624;
  -0.1476937521539491, 0.3278819914974704, -0.9331023283790157]
[9.651644174912899;
  1.678855508602485;
  46.08312827555227]

8
[-0.03898826568881153, -0.9347966508542478, 0.3530370188666626;
  -0.9876347101040213, 0.08973955416915902, 0.1285476246971005;
  -0.1518472737204215, -0.343659764839008, -0.9267364088533876]
[2.264992817100286;
  0.4271046807836247;
  47.54523354269625]

9
[-0.2798742826371394, -0.8565450858571159, 0.4335907077099006;
  -0.9554091793846632, 0.2042097511629586, -0.2132877808911868;
  0.09414715006770538, -0.4739503069141197, -0.8755040951989549]
[0.1010605202544667;
  1.761825346228311;
  45.31111612865453]

10
[-0.2618414792818555, -0.9278383726881261, 0.2656219002547405;
  -0.9538536733839857, 0.2068790206924239, -0.2176332708232357;
  0.1469769012442639, -0.3103498428625236, -0.9391915489056749]
[2.339178715334286;
  3.723490331134029;
  45.83039364145796]

11
[0.252965971926332, -0.9546321076144478, 0.1571170142249537;
  -0.8656553477420436, -0.1508186775735723, 0.4773830175242527;
  -0.4320289758488063, -0.2567708425942415, -0.8645343824397471]
[1.564163213294642;
  -0.6580632240953248;
  44.9094768198297]

12
[0.1637662265505331, -0.8789276951328335, 0.447958401829773;
  -0.9824681825505359, -0.1043042657795921, 0.1545214885251466;
  -0.08908924355524772, -0.4654102780006745, -0.8806000112503342]
[1.098816132188593;
  1.033092724660348;
  43.41759780673472]

13
[0.01226309562745409, -0.8836611468111916, 0.46796644548724;
  -0.979946395410303, 0.08246413165571753, 0.1813966072246745;
  -0.198883580538933, -0.4608065153690848, -0.8649292900494325]
[-1.913917338908874;
  -0.289329767209426;
  51.06193681167588]

14
[0.334537556200758, -0.8469296676504507, -0.413273228681368;
  -0.938046004139983, -0.2572471921701068, -0.2321499003609683;
  0.09030126028044358, 0.4653321611215943, -0.8805178375352031]
[5.613439591731212;
  0.3622559589982599;
  41.44553979205234]

15
[0.4348985684966898, -0.7624766544165511, -0.4790538451878592;
  -0.8851927750889612, -0.4596067857312918, -0.07207880021236565;
  -0.1652179955387244, 0.4554019696701954, -0.8748211588494372]
[5.481739087619282;
  4.958362052400421;
  42.27109091388431]

16
[-0.2274902311271478, -0.892786460111097, 0.3888194071596911;
  -0.9633263541747458, 0.2646801445443853, 0.04412206292044377;
  -0.1423043572562313, -0.364522643639953, -0.9202568729325692]
[6.260223888891647;
  4.427199953502272;
  45.25589371549587]

17
[0.03944083409461818, -0.9302279056493714, -0.3648567721135305;
  -0.9600224540044469, 0.06599336417289559, -0.2720326518865395;
  0.2771304898656956, 0.3609998884159489, -0.8904368434372378]
[5.790189740521519;
  6.352200481615188;
  41.38438978500499]

18
[0.2839834309718177, -0.7433554260944195, -0.6056204433714729;
  -0.8948626989189332, 0.0213594648520159, -0.4458301507802703;
  0.3443459902728622, 0.668555520325141, -0.6591353087384882]
[5.344432231472008;
  5.784106911806417;
  36.82294696840016]

19
[0.1457518295293081, -0.977201340275625, -0.1543824625803767;
  -0.9764291796468301, -0.11698016524795, -0.1813882523009158;
  0.1591931572746702, 0.1771812109171968, -0.971217976138641]
[5.027936791627519;
  1.608676310038096;
  37.98444070920127]

20
[-0.01262807105648089, -0.9421443021701706, 0.3349696190845891;
  -0.9753660635090239, -0.06217613471263606, -0.2116486957840914;
  0.2202307289555734, -0.3293907135310259, -0.9181504146180072]
[-0.9474961781643655;
  -2.295557044215926;
  46.50353228926563]

21
[0.02201134199272969, -0.9839247427236846, 0.1772218989848903;
  -0.9369608085580168, 0.0415323455431682, 0.3469575009997492;
  -0.3487405110536876, -0.1736869739785182, -0.9209847398411107]
[1.15312865799942;
  1.535141306186393;
  38.93712265163843]

22
[-0.1712386154052374, -0.9276089136297598, 0.3319925299592048;
  -0.9695048618576825, 0.2186143559953085, 0.1107613930350819;
  -0.175321588597676, -0.3029017443121987, -0.93675657129492]
[6.350129898513983;
  3.029655721621362;
  31.46815468678893]

23
[-0.09509138084762825, -0.9354656201397341, 0.3403846395257498;
  -0.9950063178965255, 0.09973706052224607, -0.003866019190442133;
  -0.03033243535376345, -0.339052491946255, -0.9402783370207699]
[3.908414973098323;
  1.261284665076335;
  31.79782944602799]

24
[-0.0200931073216879, -0.8775766382117844, 0.4790151470497171;
  -0.9912053111222241, 0.08016508342494721, 0.1052881313471109;
  -0.1307986935762523, -0.4726867921408153, -0.8714693903370165]
[-2.055129459324856;
  1.069604735749617;
  43.61094098585721]

25
[-0.05143297838225902, -0.8692329092998529, 0.4917202437614743;
  -0.997021551197541, 0.07302588290340772, 0.02480417049261535;
  -0.05746890622222617, -0.4889799278255616, -0.8703998822388073]
[7.056262993722155;
  1.307911623468627;
  36.31296956683554]

26
[-0.03529209424531465, -0.9283036176370816, 0.3701443793517425;
  -0.9974540284376878, 0.05568452198457807, 0.04454991767418906;
  -0.06196716257186405, -0.3676297423947847, -0.9279054064232714]
[3.678597685438615;
  5.140246530112727;
  33.83118067047142]

27
[-0.104474156839879, -0.9246399854372458, 0.3662322321740757;
  -0.9924363770076063, 0.07306016621326472, -0.09865216523171816;
  0.06446074886791564, -0.3737687914252605, -0.9252792564474185]
[3.778339920678424;
  1.728038506819562;
  32.73795866480319]

28
[-0.1214275555535683, -0.7846261487464139, 0.6079614753055129;
  -0.9907805725717622, 0.1328804260236568, -0.0263941166577471;
  -0.06007666574183562, -0.6055613916715152, -0.7935276902227177]
[7.070916537951924;
  0.4427416465918755;
  38.06765178016687]

29
[0.101478000327168, -0.9947327145997981, -0.01445828324924792;
  -0.9946203513953839, -0.101748943620394, 0.01942959243671136;
  -0.02079836627531301, 0.01240882657829163, -0.999706681473735]
[8.568433164147576;
  2.416607570674258;
  36.72519341537384]

30
[-0.1305181079607158, -0.940898159179651, 0.3125310825289211;
  -0.9895371692206669, 0.1040742401023826, -0.09992368727114241;
  0.06149157848928852, -0.322302973302227, -0.9446372738651803]
[4.91172688058269;
  2.448835664522773;
  33.48731777583404]

31
[-0.06257522313740671, -0.99795463358743, 0.01307251891113494;
  -0.9954211444163857, 0.06145736090979237, -0.07321023179021172;
  0.07225708752832986, -0.01759380832514055, -0.9972308515136008]
[6.906861349701503;
  5.654805889157126;
  31.02717105672881]

32
[-0.0243955175009809, -0.9523487622773578, 0.3040340338097753;
  -0.9971314899242175, 0.0449770502046396, 0.06087574850791366;
  -0.07164949774680078, -0.3016768137323012, -0.9507141786725165]
[2.057440043175623;
  2.526408976650461;
  39.56012438810944]

33
[0.02481493458282058, -0.9781933180783841, 0.206208757060537;
  -0.9884367379295117, -0.05487358459146141, -0.1413566582278653;
  0.1495895522184492, -0.2003165549346458, -0.9682438967978052]
[5.60570298952323;
  2.430193738432374;
  30.84426658641968]

34
[0.2830333790377784, -0.9590494705315997, -0.01078051128263127;
  -0.868094014879379, -0.2609375585589799, 0.4222847047477322;
  -0.4078049627960129, -0.1101621695789295, -0.9063991442585357]
[2.097872398623146;
  3.231927824451883;
  30.67331918642318]

35
[-0.3163464238550779, -0.9217394620413005, 0.2243241053251231;
  -0.8817328810206188, 0.1984600058794869, -0.427972840953013;
  0.3499600929265828, -0.3331816174132772, -0.875510104554305]
[1.401113017549607;
  1.255453973481455;
  39.33112276365899]

36
[-0.4324247359623152, -0.9015080065659057, 0.01709274189500304;
  -0.5228395216108209, 0.2352549558393373, -0.8193252958348105;
  0.7346071619373786, -0.3632332857140144, -0.5730740770438942]
[2.835998316837295;
  1.197280979721443;
  32.36890617252998]

37
[-0.2704175283417126, -0.9423811923191269, 0.1969569717698257;
  -0.7614898121063359, 0.0841895958380251, -0.642686064895519;
  0.5890735322723439, -0.3237743045947454, -0.7403800194902431]
[4.168999182318429;
  1.12832396379765;
  31.39672281893614]

38
[0.1532787894190593, -0.9823397232180726, 0.1073046173380639;
  -0.9735705200638787, -0.1315143557534677, 0.1867201560981012;
  -0.1693105288420562, -0.133088851593929, -0.9765353564539444]
[1.653922935028813;
  2.888420388178374;
  31.4974646763662]

39
[0.05962976352393767, -0.7581045090213271, 0.6494011431338971;
  -0.9896817499309384, 0.04001070305576548, 0.1375833474466266;
  -0.1302855523675404, -0.6509045222169811, -0.7478963683571198]
[3.404670421685677;
  0.6427218821247642;
  37.39480293532903]

40
[0.2791620137186637, -0.875458780069105, -0.3945129839390024;
  -0.9597190227665841, -0.267957913083922, -0.08448641403008225;
  -0.03174850290161685, 0.4022070128871749, -0.9149981154887052]
[5.352321284791359;
  1.617380712859948;
  37.86732166598502]

41
[-0.015950441269168, -0.6218114760223468, -0.7830045157661798;
  -0.9727544702373416, 0.1907963452390997, -0.1317022979172023;
  0.2312884001773283, 0.7595704331596336, -0.6079131788447252]
[8.24305834055783;
  1.655480263089862;
  35.70251666301947]

42
[0.01063274936859171, -0.9842715782491914, -0.1763417275964791;
  -0.9998991773795926, -0.008805781508656185, -0.01113971667664872;
  0.009411679790500282, 0.1764423941768756, -0.9842659710772557]
[7.505625724798417;
  2.037485644715648;
  38.3326117044947]

43
[-0.02689025893988617, -0.9593567845471658, 0.2809118614752125;
  -0.9995980529289639, 0.02833015310061371, 0.001065366566210035;
  -0.008980342686694426, -0.2807703017924419, -0.9597329790502203]
[6.131173538941356;
  4.011982461231596;
  30.88926259487931]

44
[0.1710745075944792, -0.7477738963986259, 0.6415354337182969;
  -0.9354925451717536, 0.08104360393411159, 0.3439267831813121;
  -0.3091718143352994, -0.6589887207882907, -0.6856724109182397]
[-0.09371088488279351;
  -0.07428319891698579;
  38.11030857165986]

45
[0.266691541045071, -0.8361234238726243, 0.4793466824611655;
  -0.9620177550930193, -0.261022601651714, 0.07993147260471478;
  0.05828774159969644, -0.4824570669795301, -0.8739780990967201]
[0.4175395355381079;
  2.100761168228175;
  38.8308939849089]

46
[0.1134669606940122, -0.6242239270152841, 0.772961666431448;
  -0.983354479575707, 0.04056554386870803, 0.1771112761769464;
  -0.1419127067223164, -0.7801915954381036, -0.6092305459171367]
[2.737144837680599;
  2.713042576446959;
  40.78885609147451]

47
[-0.04729215243135132, -0.9535106276916758, 0.2976254948713832;
  -0.9979104686018789, 0.03196805578274242, -0.05614926592796492;
  0.04402441337698584, -0.299659016698142, -0.9530300754636838]
[4.86535821005443;
  3.184638867363689;
  26.2416140137037]

48
[-0.03189101372196113, -0.9968210388205727, 0.07301218945121576;
  -0.9980467079885165, 0.02783370443596633, -0.05592900473507779;
  0.05371900889881309, -0.07465320798228177, -0.995761601298666]
[4.337856075266417;
  3.450203447057474;
  23.11216647084665]

49
[-0.02942801455604893, -0.9926861458384739, 0.1170820559250872;
  -0.9975752554445427, 0.02177664949075897, -0.0661013408465532;
  0.06306823038618212, -0.1187433930680478, -0.99091997906927]
[4.340455637671987;
  3.162168945029517;
  23.5627750069651]

50
[0.1042921021574917, -0.9734528228655961, -0.2037468014045238;
  -0.9939423156878553, -0.1091591283615531, 0.01276549178098191;
  -0.03466742725723675, 0.2011812276290932, -0.9789403879384154]
[5.080154200536817;
  2.934077107084448;
  29.64715133202887]

