<?xml version="1.0"?>
<opencv_storage>
<Fmatrix type_id="opencv-matrix">
  <rows>3</rows>
  <cols>3</cols>
  <dt>d</dt>
  <data>
    1.1270882444577865e-07 2.0846436539037932e-06
    -1.3097102974177484e-03 -1.2315034857350398e-06
    1.9954853538599023e-06 -4.1824681513661928e-04
    1.1795556543730623e-03 -2.9194751449428819e-03 1.</data></Fmatrix>
</opencv_storage>
