<?xml version="1.0"?>
<opencv_storage>
<Points0>
  2.55489929e+02 1.88392868e+02 6.09675140e+01 2.35768570e+02
  2.37007202e+02 2.81075592e+02 9.23926880e+02 3.33651794e+02
  2.79753815e+02 3.35052307e+02 1.23612305e+03 3.70378998e+02
  5.23995850e+02 3.92142609e+02 2.60273102e+02 4.69231903e+02
  4.29589577e+01 5.26887756e+02 6.48728638e+01 5.35484741e+02
  1.51780643e+01 5.61593079e+02 1.25227380e+03 5.69039978e+02
  1.34372339e+03 5.78953735e+02 1.56519745e+02 6.27364807e+02
  1.56519745e+02 6.27364807e+02 2.24059387e+02 6.39810120e+02
  1.13540138e+02 6.54121521e+02 1.75078033e+02 6.72708374e+02
  1.39110413e+03 6.87565918e+02 1.07391663e+02 7.46943726e+02
  1.56076318e+03 7.78214417e+02 1.56050873e+02 8.22843140e+02
  3.60856567e+02 8.32545959e+02 3.10650848e+02 8.81731262e+02
  3.10650848e+02 8.81731262e+02 2.29450256e+02 9.73064148e+02
  1.06100720e+03 1.00535980e+03 7.35181702e+02 1.04393408e+03
  3.09329132e+02 1.06767200e+03 3.09329132e+02 1.06767200e+03
  1.92832520e+02 1.08692139e+03 7.14325195e+02 1.09713440e+03
  7.90465088e+02 1.19067871e+03 2.23641129e+02 1.22496277e+03
  7.72243195e+01 7.07076492e+01 2.22104980e+02 7.18849945e+01
  1.69584427e+02 8.58666840e+01 3.14026917e+02 1.09005280e+02
  9.40800537e+02 1.84281204e+02 4.39691437e+02 2.23721924e+02
  3.65373535e+02 3.45013458e+02 7.83274902e+02 3.51541718e+02
  1.59845963e+02 4.83180389e+02 2.37206059e+01 5.17951660e+02
  7.30269775e+01 5.37375916e+02 3.01565862e+00 5.56030212e+02
  3.01565862e+00 5.56030212e+02 2.90564880e+01 5.68387878e+02
  2.14477676e+02 5.90496216e+02 2.67193787e+02 6.33346069e+02
  1.79533875e+02 6.66689880e+02 5.21379318e+01 6.93403870e+02
  1.39896887e+03 7.08113586e+02 8.70198792e+02 8.40178284e+02
  5.25814575e+02 9.25308228e+02 1.00114365e+02 9.63030273e+02
  7.18667542e+02 1.02486157e+03 7.13153137e+02 1.03285315e+03
  2.69593964e+02 1.07191272e+03 3.08393219e+02 1.09971704e+03
  6.26966736e+02 1.12123877e+03 2.78927704e+02 1.12464844e+03
  9.92940063e+02 1.14373560e+03 3.64138641e+02 1.15800317e+03
  7.68132385e+02 1.15934399e+03 7.86097168e+02 1.18506250e+03
  3.37710754e+02 1.19521387e+03 3.25977295e+02 1.19992712e+03
  8.61153198e+02 1.21975977e+03 7.24111633e+02 1.48463287e+02
  8.51130615e+02 1.63823502e+02 8.82376465e+02 1.70935028e+02
  4.66320679e+02 3.50510437e+02 3.09584930e+02 3.56853424e+02
  6.39588257e+02 4.76969513e+02 1.97250385e+01 5.63080627e+02
  1.28499353e+03 6.48219177e+02 2.05800171e+02 6.75868774e+02
  1.70042587e+02 6.99399963e+02 1.62300339e+02 7.05532166e+02
  9.71927856e+02 7.51118225e+02 3.36492615e+02 8.23095215e+02
  2.45952805e+02 8.36903381e+02 3.05488220e+02 8.73206543e+02
  9.69144897e+02 8.78636108e+02 2.04812576e+02 9.12138184e+02
  2.15244934e+02 9.65840027e+02 2.29593704e+02 9.68676147e+02
  1.41327484e+02 1.01687421e+03 1.43765213e+02 1.02422168e+03
  7.33028931e+02 1.06895349e+03 9.78991089e+01 1.14871057e+03
  1.04006909e+03 1.14897205e+03 2.91213959e+02 1.20223853e+03
  4.40432373e+02 1.22450342e+03 6.95853699e+02 1.22471558e+03
  6.39691833e+02 1.62784714e+02 6.61431091e+02 1.66283859e+02
  8.24870178e+02 1.92982895e+02 1.47910797e+02 2.09372635e+02
  3.49156158e+02 2.43619598e+02 1.19795471e+03 2.56084259e+02
  2.90719910e+02 2.79593750e+02 7.93486450e+02 2.90553436e+02
  8.56390747e+02 3.65925446e+02 1.00172188e+02 4.87307831e+02
  2.89040222e+02 5.53346252e+02 1.38963440e+03 6.32176880e+02
  2.68288940e+02 6.43310913e+02 1.02338635e+03 7.75105042e+02
  6.10987854e+02 9.81864441e+02 1.08894580e+03 1.09328772e+03
  2.48718735e+02 1.11911230e+03 3.14881134e+02 1.12400940e+03
  9.65008728e+02 1.16971033e+03 1.27498645e+03 1.20843384e+03
  1.26412488e+03 1.21047583e+03 4.57785797e+02 1.13784470e+02
  1.04650830e+03 1.18040520e+02 3.74598816e+02 1.23799561e+02
  6.05311035e+02 2.57919403e+02 4.83454102e+02 2.65091705e+02
  1.52693832e+02 3.07400482e+02 1.95444580e+02 3.25481262e+02
  9.61237732e+02 3.38294922e+02 9.29447571e+02 3.45110962e+02
  9.16380371e+02 4.52612915e+02 1.05950256e+03 4.92147736e+02
  1.25536880e+02 5.28291748e+02 5.61801376e+01 6.00832458e+02
  4.95421051e+02 6.73583923e+02 1.36917175e+03 7.09226135e+02
  1.03261145e+03 7.70037476e+02 1.61830460e+02 8.20892456e+02
  1.49179077e+02 8.22933533e+02 6.16513428e+02 9.76950134e+02
  2.01909653e+02 1.16393140e+03 2.61909607e+02 1.20969715e+01
  1.21337744e+03 1.11164162e+02 2.51572723e+02 1.94514633e+02
  1.35445557e+02 4.42125397e+02 6.58310181e+02 7.49445984e+02
  1.03274951e+03 7.89971375e+02 9.09369873e+02 8.39996094e+02
  1.09012073e+03 1.03972375e+03 1.04374219e+03 1.14158459e+03
  1.05311865e+03 1.20758594e+03 1.02896423e+03 4.20043335e+01
  5.48185242e+02 4.39532661e+01 4.75720062e+02 2.95258789e+02
  5.13673706e+02 3.02161530e+02 3.53792114e+02 3.76836456e+02
  8.09775757e+02 4.17994751e+02 8.69533875e+02 6.32085571e+02
  5.99884758e+01 7.49936523e+02 2.52520584e+02 8.56043457e+02
  1.09803064e+03 9.74904602e+02 9.07420578e+01 1.05267358e+03
  6.43008850e+02 6.66366196e+01 2.44502136e+02 1.80149826e+02
  6.95989304e+01 2.33606644e+02 2.00749344e+02 3.32150818e+02
  4.59390930e+02 3.42036102e+02 1.32492249e+02 5.81513367e+02
  8.94412354e+02 8.41387817e+02 1.31270703e+03 8.75834656e+02
  4.60348755e+02 9.98944885e+02 1.42534961e+03 1.12901709e+03
  1.23058243e+01 5.19145622e+01 5.93314880e+02 1.23812347e+02
  1.43165674e+03 1.63146729e+02 9.47287415e+02 1.75243668e+02
  1.64682465e+02 6.38793823e+02 1.09913307e+02 6.73498657e+02
  1.33434827e+03 1.02629602e+03 1.10536499e+03 1.05535364e+03
  6.25290833e+02 3.33745308e+01 7.29541016e+02 3.71167206e+02
  7.29541016e+02 3.71167206e+02 4.97983665e+01 4.89320068e+02
  3.99061050e+01 6.23186340e+02 1.31697852e+03 6.44336975e+02
  2.05727386e+02 7.32578796e+02 2.05727386e+02 7.32578796e+02
  1.04087634e+03 1.17972742e+03 7.97183075e+01 5.90242195e+01
  2.04255257e+01 3.53090088e+02 1.20671118e+03 4.58988312e+02
  6.05642128e+01 5.56676392e+02 9.34519730e+01 6.47294067e+02
  1.43783484e+03 5.14347961e+02 4.89816742e+02 8.87325867e+02
  1.40733765e+03 1.10359241e+03 6.53890533e+01 9.48431396e+02
  1.12185107e+03 1.00154340e+03 1.00506659e+03 8.44960022e+02
  2.43008789e+02 7.54471130e+01 1.31252869e+02 7.99647446e+01
  1.30207678e+03 2.67415955e+02 2.38389725e+02 2.78542938e+02
  2.91198395e+02 2.87409698e+02 2.91198395e+02 2.87409698e+02
  3.23173889e+02 3.22005951e+02 3.34828888e+02 3.72025208e+02
  3.72230499e+02 3.85586792e+02 5.23969177e+02 3.92145569e+02
  2.60300446e+02 4.69223022e+02 1.79002335e+02 4.84873260e+02
  1.93091278e+01 5.14858887e+02 6.49367905e+01 5.35473633e+02
  1.51834497e+01 5.61602661e+02 2.54215118e+02 5.65009827e+02
  2.13832092e+02 5.90969055e+02 2.75582184e+02 6.03197815e+02
  1.39122302e+03 6.87580872e+02 1.41778479e+03 6.88230164e+02
  5.53662720e+01 6.91041748e+02 1.40252405e+03 6.90995972e+02
  3.54562111e+01 7.66896484e+02 1.61382202e+02 8.23904114e+02
  3.10660309e+02 8.81732361e+02 3.16808929e+02 8.88405823e+02
  1.66799454e+02 9.08096619e+02 9.44469986e+01 9.53512451e+02
  2.57780243e+02 9.63188660e+02 6.14405212e+02 9.70910706e+02
  4.69454193e+02 9.82326172e+02 7.35180786e+02 1.04391150e+03
  3.09275116e+02 1.06768652e+03 1.11369133e+02 1.15932593e+03
  7.83238464e+02 1.18356006e+03 1.12583423e+03 1.02473343e+02
  5.57687622e+02 1.44851151e+02 5.91875183e+02 1.50295868e+02
  1.58912781e+02 1.64030151e+02 4.39691986e+02 2.23674423e+02
  9.11618500e+01 4.50834991e+02 1.34715967e+01 5.11281128e+02
  3.34041176e+01 5.21919861e+02 7.90547943e+01 5.41142639e+02
  1.43372498e+03 6.27095886e+02 3.05821014e+02 8.73073669e+02
  1.49240540e+02 9.21460205e+02 1.60077316e+02 9.25766907e+02
  5.25854736e+02 9.25305115e+02 1.00142136e+02 9.62991028e+02
  6.50650024e+02 9.92470581e+02 7.18683533e+02 1.02484241e+03
  2.29165344e+02 1.05566016e+03 1.09663452e+03 1.06537256e+03
  3.31896240e+02 1.08940588e+03 8.77705017e+02 1.11564807e+03
  2.78850830e+02 1.12469861e+03 3.64425507e+02 1.15774854e+03
  2.57518860e+02 1.16670361e+03 1.73648041e+02 1.21432410e+03
