<?xml version="1.0"?>
<opencv_storage>
<Fundamental type_id="opencv-matrix">
  <rows>3</rows>
  <cols>3</cols>
  <dt>d</dt>
  <data>
    4.1630528199400500e-07 1.4502075956077021e-07
    -7.9557988378055127e-04 -2.6314468761558688e-07
    6.0075279494844090e-07 -9.5075445428689179e-04
    4.0515314070659189e-04 -7.0401185059869222e-04 1.</data></Fundamental>
</opencv_storage>
