<?xml version="1.0"?>
<opencv_storage>
<Fundamental type_id="opencv-matrix">
  <rows>3</rows>
  <cols>3</cols>
  <dt>d</dt>
  <data>
    4.0941091404915601e-07 1.3763069817868209e-07
    -7.9734447531063608e-04 -2.6715562823316963e-07
    5.8971829671049857e-07 -9.4179812283442382e-04
    4.1839410001316024e-04 -7.0281960508308979e-04 1.</data></Fundamental>
</opencv_storage>
