<?xml version="1.0"?>
<opencv_storage>
<Fundamental type_id="opencv-matrix">
  <rows>3</rows>
  <cols>3</cols>
  <dt>d</dt>
  <data>
    4.3269060882874950e-07 1.6862144377961657e-07
    -7.9767107341187935e-04 -2.4801829855305215e-07
    6.2676416100286137e-07 -9.6964948948017270e-04
    3.6731453151302022e-04 -7.0716188492523399e-04 1.</data></Fundamental>
</opencv_storage>
