<?xml version="1.0"?>
<opencv_storage>
<Fundamental type_id="opencv-matrix">
  <rows>3</rows>
  <cols>3</cols>
  <dt>d</dt>
  <data>
    3.8195528337718811e-07 6.4674305912240104e-07
    -6.1886346488290657e-04 -4.2448801207141488e-08
    1.1232734587333655e-06 -4.9005519155151812e-04
    -4.2766143007156665e-04 -1.3808745363248422e-03 1.</data></Fundamental>
</opencv_storage>
