<?xml version="1.0"?>
<opencv_storage>
<Fundamental type_id="opencv-matrix">
  <rows>3</rows>
  <cols>3</cols>
  <dt>d</dt>
  <data>
    -1.1546550656088283e-06 1.2754967986068700e-06
    -6.5909148146308185e-04 4.3942483363428237e-07
    -1.2527600764690965e-06 -1.8034447723509935e-04
    1.6731571959501383e-03 -1.7682831242268285e-03 1.</data></Fundamental>
</opencv_storage>
