<?xml version="1.0"?>
<opencv_storage>
<Fundamental type_id="opencv-matrix">
  <rows>3</rows>
  <cols>3</cols>
  <dt>d</dt>
  <data>
    3.9644218396989672e-07 1.0607963996436538e-07
    -8.1247492654365385e-04 -2.8162639548533952e-07
    5.2462139983269198e-07 -9.4412239666666624e-04
    4.8434695347742275e-04 -6.5626683483799915e-04 1.</data></Fundamental>
</opencv_storage>
