<?xml version="1.0"?>
<opencv_storage>
<Fundamental type_id="opencv-matrix">
  <rows>3</rows>
  <cols>3</cols>
  <dt>d</dt>
  <data>
    8.6312012974917513e-07 7.7983902743080301e-07
    -1.0015359421645914e-03 -4.3846200272525129e-07
    1.4056625035862137e-06 -1.4070895881156385e-03
    6.6017499106883686e-05 -9.5286846118247442e-04 1.</data></Fundamental>
</opencv_storage>
