<?xml version="1.0"?>
<opencv_storage>
<Fundamental type_id="opencv-matrix">
  <rows>3</rows>
  <cols>3</cols>
  <dt>d</dt>
  <data>
    4.2293117828226661e-07 1.5520527055686579e-07
    -7.7839829447686663e-04 -1.9525878086879077e-07
    6.2184867311700487e-07 -9.4751234108173118e-04
    3.0430785344777125e-04 -7.1618727530281122e-04 1.</data></Fundamental>
</opencv_storage>
