<?xml version="1.0"?>
<opencv_storage>
<Fundamental type_id="opencv-matrix">
  <rows>3</rows>
  <cols>3</cols>
  <dt>d</dt>
  <data>
    3.9724908169336983e-07 8.2400999533050745e-08
    -8.2771403462247005e-04 -2.9598900379448374e-07
    4.7597615070760853e-07 -9.6188746351554564e-04
    5.3296996091883896e-04 -6.0787882606968885e-04 1.</data></Fundamental>
</opencv_storage>
