<?xml version="1.0"?>
<opencv_storage>
<Fundamental type_id="opencv-matrix">
  <rows>3</rows>
  <cols>3</cols>
  <dt>d</dt>
  <data>
    3.9860630603723841e-07 6.8983407721431378e-08
    -8.2017500420382894e-04 -2.8185906899792537e-07
    4.6701267561545505e-07 -9.5984035040546614e-04
    5.1581616137877958e-04 -6.0122990711752411e-04 1.</data></Fundamental>
</opencv_storage>
