<?xml version="1.0"?>
<opencv_storage>
<Fundamental type_id="opencv-matrix">
  <rows>3</rows>
  <cols>3</cols>
  <dt>d</dt>
  <data>
    -2.5800200228464089e+07 8.0819213940148160e+07
    4.6304144751239502e+10 9.2055035805741340e+07 8.6480555319788307e+07
    2.0876619042184956e+10 -1.5929038326871875e+11
    -7.6878213852476593e+10 1.</data></Fundamental>
</opencv_storage>
