<?xml version="1.0"?>
<opencv_storage>
<Fundamental type_id="opencv-matrix">
  <rows>3</rows>
  <cols>3</cols>
  <dt>d</dt>
  <data>
    9.6812010083552194e-07 9.6687191591013763e-07
    -9.5876936559905227e-04 -2.5183058679946957e-07
    1.5938959212628301e-06 -1.3636546568486056e-03
    -3.9036037480218351e-04 -1.0916244622631035e-03 1.</data></Fundamental>
</opencv_storage>
