<?xml version="1.0"?>
<opencv_storage>
<Fundamental type_id="opencv-matrix">
  <rows>3</rows>
  <cols>3</cols>
  <dt>d</dt>
  <data>
    9.6812010084176753e-07 9.6687191593261683e-07
    -9.5876936560576153e-04 -2.5183058681321861e-07
    1.5938959212894337e-06 -1.3636546568607311e-03
    -3.9036037479897720e-04 -1.0916244622755280e-03 1.</data></Fundamental>
</opencv_storage>
