<?xml version="1.0"?>
<opencv_storage>
<Fundamental type_id="opencv-matrix">
  <rows>3</rows>
  <cols>3</cols>
  <dt>d</dt>
  <data>
    6.6225268386014966e-07 1.2421518531186838e-06
    -6.3979750161457041e-04 -1.5432239852700917e-09
    1.8664274458837899e-06 -5.4720695842718891e-04
    -1.0989764717472693e-03 -1.8510447567162867e-03 1.</data></Fundamental>
</opencv_storage>
