<?xml version="1.0"?>
<opencv_storage>
<Fundamental type_id="opencv-matrix">
  <rows>3</rows>
  <cols>3</cols>
  <dt>d</dt>
  <data>
    9.6317817962925007e-07 9.6408232303077710e-07
    -9.6118951879485158e-04 -2.5657581620533048e-07
    1.5802978107258152e-06 -1.3532913915926569e-03
    -3.8020780201339252e-04 -1.0889750933775772e-03 1.</data></Fundamental>
</opencv_storage>
