<?xml version="1.0"?>
<opencv_storage>
<Fundamental type_id="opencv-matrix">
  <rows>3</rows>
  <cols>3</cols>
  <dt>d</dt>
  <data>
    9.6812010083651318e-07 9.6687191591255273e-07
    -9.5876936559954407e-04 -2.5183058680032168e-07
    1.5938959212665450e-06 -1.3636546568510093e-03
    -3.9036037480253511e-04 -1.0916244622643768e-03 1.</data></Fundamental>
</opencv_storage>
