<?xml version="1.0"?>
<opencv_storage>
<Fundamental type_id="opencv-matrix">
  <rows>3</rows>
  <cols>3</cols>
  <dt>d</dt>
  <data>
    -2.3933302000555379e-07 5.9826296143182084e-07
    -5.1922968401105630e-04 4.8122553473676474e-08
    5.9378182408563647e-07 -3.2652542569273240e-04
    2.1393290995799026e-04 -1.4227515599943648e-03 1.</data></Fundamental>
</opencv_storage>
