<?xml version="1.0"?>
<opencv_storage>
<Fundamental type_id="opencv-matrix">
  <rows>3</rows>
  <cols>3</cols>
  <dt>d</dt>
  <data>
    9.6370043357322527e-07 9.6631633996601783e-07
    -9.6174395982338238e-04 -2.5944396112491890e-07
    1.5832855512179978e-06 -1.3541509703786801e-03
    -3.7959929366802181e-04 -1.0905117897059098e-03 1.</data></Fundamental>
</opencv_storage>
