<?xml version="1.0"?>
<opencv_storage>
<Fundamental type_id="opencv-matrix">
  <rows>3</rows>
  <cols>3</cols>
  <dt>d</dt>
  <data>
    9.6317817968730189e-07 9.6408232326722063e-07
    -9.6118951886386994e-04 -2.5657581635500872e-07
    1.5802978110079290e-06 -1.3532913917204982e-03
    -3.8020780197076836e-04 -1.0889750935104232e-03 1.</data></Fundamental>
</opencv_storage>
