<?xml version="1.0"?>
<opencv_storage>
<Fundamental type_id="opencv-matrix">
  <rows>3</rows>
  <cols>3</cols>
  <dt>d</dt>
  <data>
    9.6353566794853467e-07 9.6325335538231366e-07
    -9.6058023459961420e-04 -2.5651192168282094e-07
    1.5810687248000593e-06 -1.3544560499340586e-03
    -3.8033278499604830e-04 -1.0887040555672490e-03 1.</data></Fundamental>
</opencv_storage>
