<?xml version="1.0"?>
<opencv_storage>
<Fundamental type_id="opencv-matrix">
  <rows>3</rows>
  <cols>3</cols>
  <dt>d</dt>
  <data>
    9.6355058915740581e-07 9.6266026367275832e-07
    -9.6010502801328131e-04 -2.5614347997265416e-07
    1.5816093437168772e-06 -1.3554193076013214e-03
    -3.8045435449670029e-04 -1.0884672882288738e-03 1.</data></Fundamental>
</opencv_storage>
