<?xml version="1.0"?>
<opencv_storage>
<Fundamental type_id="opencv-matrix">
  <rows>3</rows>
  <cols>3</cols>
  <dt>d</dt>
  <data>
    9.6317817969286521e-07 9.6408232328799453e-07
    -9.6118951886844635e-04 -2.5657581636413375e-07
    1.5802978110376025e-06 -1.3532913917387525e-03
    -3.8020780197013188e-04 -1.0889750935215499e-03 1.</data></Fundamental>
</opencv_storage>
