<?xml version="1.0"?>
<opencv_storage>
<Fundamental type_id="opencv-matrix">
  <rows>3</rows>
  <cols>3</cols>
  <dt>d</dt>
  <data>
    9.6317817962920666e-07 9.6408232303060303e-07
    -9.6118951879480235e-04 -2.5657581620522603e-07
    1.5802978107256030e-06 -1.3532913915925559e-03
    -3.8020780201341935e-04 -1.0889750933774801e-03 1.</data></Fundamental>
</opencv_storage>
