<?xml version="1.0"?>
<opencv_storage>
<Fundamental type_id="opencv-matrix">
  <rows>3</rows>
  <cols>3</cols>
  <dt>d</dt>
  <data>
    9.6179894155553537e-07 9.5882319664597708e-07
    -9.6205996243035538e-04 -2.6002694836307932e-07
    1.5756048954333648e-06 -1.3565349534190010e-03
    -3.7113398206569320e-04 -1.0836146809878485e-03 1.</data></Fundamental>
</opencv_storage>
