<?xml version="1.0"?>
<opencv_storage>
<Fundamental type_id="opencv-matrix">
  <rows>3</rows>
  <cols>3</cols>
  <dt>d</dt>
  <data>
    -2.6759856142761332e-06 5.4231090028417164e-07
    -7.3162335757360314e-04 8.6435573441902537e-07
    -5.8766962469356920e-06 5.3182804577110037e-04
    3.7880294505530329e-03 -7.9660882713104657e-05 1.</data></Fundamental>
</opencv_storage>
