<?xml version="1.0"?>
<opencv_storage>
<Fundamental type_id="opencv-matrix">
  <rows>3</rows>
  <cols>3</cols>
  <dt>d</dt>
  <data>
    9.6974330655240310e-07 1.0432678535344663e-06
    -9.5624655996075475e-04 -2.5806236252734505e-07
    1.6604289941259133e-06 -1.3228867851352683e-03
    -4.5370978017623357e-04 -1.1670803670412891e-03 1.</data></Fundamental>
</opencv_storage>
