<?xml version="1.0"?>
<opencv_storage>
<Fundamental type_id="opencv-matrix">
  <rows>3</rows>
  <cols>3</cols>
  <dt>d</dt>
  <data>
    9.7369029245792383e-07 1.0424361351154951e-06
    -9.5783441783460108e-04 -2.6145467515785694e-07
    1.6592354073566059e-06 -1.3234445741135182e-03
    -4.5217071878789867e-04 -1.1652122522083285e-03 1.</data></Fundamental>
</opencv_storage>
