<?xml version="1.0"?>
<opencv_storage>
<Fundamental type_id="opencv-matrix">
  <rows>3</rows>
  <cols>3</cols>
  <dt>d</dt>
  <data>
    9.7369029238324644e-07 1.0424361350619476e-06
    -9.5783441778147182e-04 -2.6145467505613014e-07
    1.6592354072772237e-06 -1.3234445740138326e-03
    -4.5217071885614817e-04 -1.1652122522197866e-03 1.</data></Fundamental>
</opencv_storage>
