<?xml version="1.0"?>
<opencv_storage>
<Fundamental type_id="opencv-matrix">
  <rows>3</rows>
  <cols>3</cols>
  <dt>d</dt>
  <data>
    9.7369029240902293e-07 1.0424361350938632e-06
    -9.5783441781840516e-04 -2.6145467512224016e-07
    1.6592354073251949e-06 -1.3234445740976613e-03
    -4.5217071877469498e-04 -1.1652122522029247e-03 1.</data></Fundamental>
</opencv_storage>
