<?xml version="1.0"?>
<opencv_storage>
<Fundamental type_id="opencv-matrix">
  <rows>3</rows>
  <cols>3</cols>
  <dt>d</dt>
  <data>
    9.7369029238237315e-07 1.0424361350610678e-06
    -9.5783441777983749e-04 -2.6145467505324515e-07
    1.6592354072757640e-06 -1.3234445740100817e-03
    -4.5217071886035536e-04 -1.1652122522210172e-03 1.</data></Fundamental>
</opencv_storage>
