<?xml version="1.0"?>
<opencv_storage>
<Fundamental type_id="opencv-matrix">
  <rows>3</rows>
  <cols>3</cols>
  <dt>d</dt>
  <data>
    9.7372736085362903e-07 1.0366688183843445e-06
    -9.5876078129934869e-04 -2.6225759082331043e-07
    1.6539997741258881e-06 -1.3276847931047789e-03
    -4.4552568376937245e-04 -1.1585703404045045e-03 1.</data></Fundamental>
</opencv_storage>
