<?xml version="1.0"?>
<opencv_storage>
<Fundamental type_id="opencv-matrix">
  <rows>3</rows>
  <cols>3</cols>
  <dt>d</dt>
  <data>
    -1.4783384457695779e+08 -1.3040104589315976e+08
    5.6303555229282600e+10 7.7869847850057229e+07
    -1.7916697263663623e+08 1.4654913512829922e+11
    5.1847864230919922e+10 1.7958020947589020e+10 1.</data></Fundamental>
</opencv_storage>
