<?xml version="1.0"?>
<opencv_storage>
<Fundamental type_id="opencv-matrix">
  <rows>3</rows>
  <cols>3</cols>
  <dt>d</dt>
  <data>
    9.6974330655240246e-07 1.0432678535344659e-06
    -9.5624655996075442e-04 -2.5806236252734478e-07
    1.6604289941259133e-06 -1.3228867851352672e-03
    -4.5370978017623438e-04 -1.1670803670412895e-03 1.</data></Fundamental>
</opencv_storage>
