<?xml version="1.0"?>
<opencv_storage>
<Fundamental type_id="opencv-matrix">
  <rows>3</rows>
  <cols>3</cols>
  <dt>d</dt>
  <data>
    9.7608188066996281e-07 1.0419288510202459e-06
    -9.5468434016503549e-04 -2.5463907428751727e-07
    1.6602479336015610e-06 -1.3190455675994818e-03
    -4.6526694665737341e-04 -1.1680676062652562e-03 1.</data></Fundamental>
</opencv_storage>
