<?xml version="1.0"?>
<opencv_storage>
<Fundamental type_id="opencv-matrix">
  <rows>3</rows>
  <cols>3</cols>
  <dt>d</dt>
  <data>
    9.7608188072003749e-07 1.0419288513623534e-06
    -9.5468434028288479e-04 -2.5463907456453289e-07
    1.6602479339537628e-06 -1.3190455676686437e-03
    -4.6526694654749938e-04 -1.1680676064755294e-03 1.</data></Fundamental>
</opencv_storage>
