<?xml version="1.0"?>
<opencv_storage>
<Fundamental type_id="opencv-matrix">
  <rows>3</rows>
  <cols>3</cols>
  <dt>d</dt>
  <data>
    9.7608188236952997e-07 1.0419288572974823e-06
    -9.5468434257579252e-04 -2.5463907874819897e-07
    1.6602479419634277e-06 -1.3190455738253228e-03
    -4.6526694357075711e-04 -1.1680676087256687e-03 1.</data></Fundamental>
</opencv_storage>
