<?xml version="1.0"?>
<opencv_storage>
<Fundamental type_id="opencv-matrix">
  <rows>3</rows>
  <cols>3</cols>
  <dt>d</dt>
  <data>
    9.7608188072032950e-07 1.0419288513628821e-06
    -9.5468434028318414e-04 -2.5463907456501437e-07
    1.6602479339546226e-06 -1.3190455676696476e-03
    -4.6526694654700027e-04 -1.1680676064755573e-03 1.</data></Fundamental>
</opencv_storage>
