<?xml version="1.0"?>
<opencv_storage>
<Fundamental type_id="opencv-matrix">
  <rows>3</rows>
  <cols>3</cols>
  <dt>d</dt>
  <data>
    9.7608188050740935e-07 1.0419288505941282e-06
    -9.5468433998667859e-04 -2.5463907402365079e-07
    1.6602479329179512e-06 -1.3190455668746393e-03
    -4.6526694693132978e-04 -1.1680676061831966e-03 1.</data></Fundamental>
</opencv_storage>
