<?xml version="1.0"?>
<opencv_storage>
<Fundamental type_id="opencv-matrix">
  <rows>3</rows>
  <cols>3</cols>
  <dt>d</dt>
  <data>
    9.7608188047771407e-07 1.0419288504905267e-06
    -9.5468433994606243e-04 -2.5463907394994240e-07
    1.6602479327772292e-06 -1.3190455667643403e-03
    -4.6526694698475064e-04 -1.1680676061449902e-03 1.</data></Fundamental>
</opencv_storage>
