<?xml version="1.0"?>
<opencv_storage>
<Fundamental type_id="opencv-matrix">
  <rows>3</rows>
  <cols>3</cols>
  <dt>d</dt>
  <data>
    9.7608188047862590e-07 1.0419288504921951e-06
    -9.5468433994700026e-04 -2.5463907395145081e-07
    1.6602479327799395e-06 -1.3190455667674939e-03
    -4.6526694698318652e-04 -1.1680676061450871e-03 1.</data></Fundamental>
</opencv_storage>
