<?xml version="1.0"?>
<opencv_storage>
<Fundamental type_id="opencv-matrix">
  <rows>3</rows>
  <cols>3</cols>
  <dt>d</dt>
  <data>
    9.7608188047770941e-07 1.0419288504905182e-06
    -9.5468433994605765e-04 -2.5463907394993504e-07
    1.6602479327772156e-06 -1.3190455667643247e-03
    -4.6526694698475796e-04 -1.1680676061449895e-03 1.</data></Fundamental>
</opencv_storage>
