<?xml version="1.0"?>
<opencv_storage>
<Fundamental type_id="opencv-matrix">
  <rows>3</rows>
  <cols>3</cols>
  <dt>d</dt>
  <data>
    9.7608188072003834e-07 1.0419288513623532e-06
    -9.5468434028288501e-04 -2.5463907456453283e-07
    1.6602479339537633e-06 -1.3190455676686445e-03
    -4.6526694654749993e-04 -1.1680676064755289e-03 1.</data></Fundamental>
</opencv_storage>
