<?xml version="1.0"?>
<opencv_storage>
<Fundamental type_id="opencv-matrix">
  <rows>3</rows>
  <cols>3</cols>
  <dt>d</dt>
  <data>
    9.7608188050570512e-07 1.0419288505910824e-06
    -9.5468433998493953e-04 -2.5463907402085717e-07
    1.6602479329129802e-06 -1.3190455668687948e-03
    -4.6526694693424297e-04 -1.1680676061830589e-03 1.</data></Fundamental>
</opencv_storage>
