<?xml version="1.0"?>
<opencv_storage>
<Fundamental type_id="opencv-matrix">
  <rows>3</rows>
  <cols>3</cols>
  <dt>d</dt>
  <data>
    9.7608188047771047e-07 1.0419288504905182e-06
    -9.5468433994605798e-04 -2.5463907394993552e-07
    1.6602479327772176e-06 -1.3190455667643267e-03
    -4.6526694698475834e-04 -1.1680676061449893e-03 1.</data></Fundamental>
</opencv_storage>
