<?xml version="1.0"?>
<opencv_storage>
<Fundamental type_id="opencv-matrix">
  <rows>3</rows>
  <cols>3</cols>
  <dt>d</dt>
  <data>
    9.7608188050558463e-07 1.0419288505908099e-06
    -9.5468433998480379e-04 -2.5463907402063403e-07
    1.6602479329125584e-06 -1.3190455668683479e-03
    -4.6526694693446177e-04 -1.1680676061830151e-03 1.</data></Fundamental>
</opencv_storage>
