<?xml version="1.0"?>
<opencv_storage>
<Fundamental type_id="opencv-matrix">
  <rows>3</rows>
  <cols>3</cols>
  <dt>d</dt>
  <data>
    9.7608188049396355e-07 1.0419288505238977e-06
    -9.5468433996277779e-04 -2.5463907397488567e-07
    1.6602479328330588e-06 -1.3190455668295462e-03
    -4.6526694695691836e-04 -1.1680676061476269e-03 1.</data></Fundamental>
</opencv_storage>
