<?xml version="1.0"?>
<opencv_storage>
<Fundamental type_id="opencv-matrix">
  <rows>3</rows>
  <cols>3</cols>
  <dt>d</dt>
  <data>
    9.7608188047771237e-07 1.0419288504905295e-06
    -9.5468433994606188e-04 -2.5463907394994283e-07
    1.6602479327772315e-06 -1.3190455667643380e-03
    -4.6526694698475189e-04 -1.1680676061449936e-03 1.</data></Fundamental>
</opencv_storage>
