<?xml version="1.0"?>
<opencv_storage>
<Fundamental type_id="opencv-matrix">
  <rows>3</rows>
  <cols>3</cols>
  <dt>d</dt>
  <data>
    -2.4867398771730937e-06 -2.5058620730281761e-06
    7.9279595929353036e-04 9.4024883881863896e-07
    -2.7771531368281963e-06 2.4242436321599919e-03
    1.1476012892742791e-03 -7.1117373091360650e-04 1.</data></Fundamental>
</opencv_storage>
