<?xml version="1.0"?>
<opencv_storage>
<Fundamental type_id="opencv-matrix">
  <rows>3</rows>
  <cols>3</cols>
  <dt>d</dt>
  <data>
    9.7608188047408623e-07 1.0419288504774818e-06
    -9.5468433994102132e-04 -2.5463907394074532e-07
    1.6602479327596230e-06 -1.3190455667508028e-03
    -4.6526694699129624e-04 -1.1680676061400469e-03 1.</data></Fundamental>
</opencv_storage>
