<?xml version="1.0"?>
<opencv_storage>
<Fundamental type_id="opencv-matrix">
  <rows>3</rows>
  <cols>3</cols>
  <dt>d</dt>
  <data>
    9.7608188047770941e-07 1.0419288504905172e-06
    -9.5468433994605722e-04 -2.5463907394993409e-07
    1.6602479327772152e-06 -1.3190455667643239e-03
    -4.6526694698475920e-04 -1.1680676061449895e-03 1.</data></Fundamental>
</opencv_storage>
