<?xml version="1.0"?>
<opencv_storage>
<Fundamental type_id="opencv-matrix">
  <rows>3</rows>
  <cols>3</cols>
  <dt>d</dt>
  <data>
    9.7608188050558590e-07 1.0419288505908127e-06
    -9.5468433998480531e-04 -2.5463907402063641e-07
    1.6602479329125633e-06 -1.3190455668683537e-03
    -4.6526694693445868e-04 -1.1680676061830153e-03 1.</data></Fundamental>
</opencv_storage>
