<?xml version="1.0"?>
<opencv_storage>
<Fundamental type_id="opencv-matrix">
  <rows>3</rows>
  <cols>3</cols>
  <dt>d</dt>
  <data>
    -4.1593499711080833e-06 -4.5948158409198832e-06
    1.7222288781213763e-03 1.5706095088716452e-06
    -5.1357522233866257e-06 4.2149399986755849e-03
    2.0753515697421654e-03 -3.3313025457704158e-04 1.</data></Fundamental>
</opencv_storage>
