<?xml version="1.0"?>
<opencv_storage>
<Fundamental type_id="opencv-matrix">
  <rows>3</rows>
  <cols>3</cols>
  <dt>d</dt>
  <data>
    -3.6844094274489884e+06 -3.8287061784474254e+06
    1.8995800491745121e+09 1.5143054155127052e+06
    -4.7036091290691877e+06 3.8758471322372756e+09
    1.5405410312999268e+09 5.3018631670375592e+08 1.</data></Fundamental>
</opencv_storage>
