<?xml version="1.0"?>
<opencv_storage>
<Fundamental type_id="opencv-matrix">
  <rows>3</rows>
  <cols>3</cols>
  <dt>d</dt>
  <data>
    -2.3523570390265384e+06 -2.3838596798376762e+06
    1.2642876767657378e+09 1.0760053971892612e+06
    -2.8941023924895921e+06 2.4516380491230788e+09
    8.2490528043238652e+08 2.5292626332758713e+08 1.</data></Fundamental>
</opencv_storage>
