<?xml version="1.0"?>
<opencv_storage>
<Points0>
  9.07420578e+01 1.05267358e+03 6.95989304e+01 2.33606644e+02
  9.07597504e+01 1.05274707e+03 6.95333939e+01 2.33624023e+02
  9.06356277e+01 1.05277246e+03 6.95107574e+01 2.33621552e+02
  3.98381256e+02 9.56036926e+02 1.01101062e+03 7.71618042e+02
  1.03261145e+03 7.70037476e+02 3.23126099e+02 3.22033081e+02
  1.62229645e+02 7.04878662e+02 1.32428027e+03 5.78834229e+02
  9.59912964e+02 8.17502380e+02 9.09292175e+02 8.40257568e+02
  1.31661475e+03 6.44121582e+02 2.05705124e+02 7.32556030e+02
  1.33434827e+03 1.02629602e+03 1.02338666e+03 7.75085449e+02
  8.69493835e+02 6.32066650e+02 1.43784106e+03 5.14346741e+02
  1.20674207e+03 4.59009644e+02 5.24003479e+02 3.92165192e+02
  4.59390930e+02 3.42036102e+02 2.67391022e+02 6.33200439e+02
  2.01274109e+02 6.94615356e+02</Points0>
<Points1>
  1.43947998e+03 9.23696213e+01 7.68562988e+02 9.27966370e+02
  1.43953040e+03 9.23480148e+01 7.68598999e+02 9.27946655e+02
  1.43951392e+03 9.24067993e+01 7.68470642e+02 9.27980591e+02
  1.31031909e+03 2.84205414e+02 5.87345047e+01 1.15621497e+03
  7.65049133e+02 8.91181030e+02 6.16168152e+02 1.10775110e+03
  6.23913452e+02 3.24895874e+02 1.09239014e+03 1.08140491e+03
  6.56390808e+02 8.44355713e+02 2.59410034e+02 9.24958862e+02
  6.83272766e+02 1.22722302e+03 4.96303925e+02 3.65079834e+02
  5.37627991e+02 1.12524548e+03 7.44706726e+02 8.84390198e+02
  9.62432068e+02 7.48313843e+02 1.16764648e+03 1.05951660e+03
  1.19667651e+03 8.91398315e+02 1.29895728e+03 3.15403229e+02
  1.33822583e+03 2.14071915e+02 7.38373779e+02 3.35880432e+02
  6.55173645e+02 3.40777924e+02</Points1>
</opencv_storage>
