<?xml version="1.0"?>
<opencv_storage>
<Points0>
  2.48718735e+02 1.11911230e+03 2.29239929e+02 9.73108826e+02
  2.48720520e+02 1.11907666e+03 2.29235321e+02 9.73132812e+02
  2.48737991e+02 1.11906494e+03 2.29285568e+02 9.73138916e+02
  2.48703873e+02 1.11902490e+03 5.75380310e+02 4.57019989e+02
  5.77094116e+02 4.79797699e+02 1.03261145e+03 7.70037476e+02
  6.00624146e+02 1.34660812e+02 6.09165833e+02 4.90384460e+02
  1.08307520e+03 9.72044861e+02 5.96135986e+02 4.72005005e+02
  5.99399231e+02 4.75060608e+02 9.65196167e+02 1.16963477e+03
  5.48358521e+02 4.40013351e+01 1.33434827e+03 1.02629602e+03
  1.02338666e+03 7.75085449e+02 8.69493835e+02 6.32066650e+02
  1.43784106e+03 5.14346741e+02 1.20674207e+03 4.59009644e+02
  5.24003479e+02 3.92165192e+02 4.59390930e+02 3.42036102e+02
  2.67391022e+02 6.33200439e+02 2.01274109e+02 6.94615356e+02</Points0>
<Points1>
  3.59197693e+01 8.53843628e+02 2.56982269e+02 4.91164246e+02
  3.59416962e+01 8.53892273e+02 2.57027161e+02 4.90960938e+02
  3.59478264e+01 8.53934143e+02 2.56955872e+02 4.91187653e+02
  3.59061356e+01 8.53931885e+02 1.07902393e+03 4.08204285e+02
  1.08329944e+03 4.57257874e+02 7.65049133e+02 8.91181030e+02
  6.83827026e+02 7.51419220e+01 1.07607886e+03 4.86978943e+02
  4.92785553e+02 8.00782776e+02 1.06257812e+03 4.37332123e+02
  1.06440869e+03 4.45134827e+02 2.92829498e+02 9.75598267e+02
  6.51833557e+02 4.75460014e+01 5.37627991e+02 1.12524548e+03
  7.44706726e+02 8.84390198e+02 9.62432068e+02 7.48313843e+02
  1.16764648e+03 1.05951660e+03 1.19667651e+03 8.91398315e+02
  1.29895728e+03 3.15403229e+02 1.33822583e+03 2.14071915e+02
  7.38373779e+02 3.35880432e+02 6.55173645e+02 3.40777924e+02</Points1>
</opencv_storage>
