<?xml version="1.0"?>
<opencv_storage>
<Points0>
  2.48718735e+02 1.11911230e+03 2.48720520e+02 1.11907666e+03
  2.48737991e+02 1.11906494e+03 2.48703873e+02 1.11902490e+03
  8.84543945e+02 5.16840576e+02 4.59390930e+02 3.42036102e+02
  6.35478760e+02 1.12627234e+03 3.37658661e+02 1.19528381e+03
  3.24541626e+02 1.10961235e+02 1.39904407e+03 7.08132629e+02
  2.13124313e+02 4.53077911e+02 1.33434827e+03 1.02629602e+03
  1.03261145e+03 7.70037476e+02 1.02338666e+03 7.75085449e+02
  8.69493835e+02 6.32066650e+02 1.43784106e+03 5.14346741e+02
  1.20674207e+03 4.59009644e+02 5.24003479e+02 3.92165192e+02
  2.67391022e+02 6.33200439e+02 2.01274109e+02 6.94615356e+02</Points0>
<Points1>
  3.59197693e+01 8.53843628e+02 3.59416962e+01 8.53892273e+02
  3.59478264e+01 8.53934143e+02 3.59061356e+01 8.53931885e+02
  5.86801071e+01 1.15637439e+03 1.33822583e+03 2.14071915e+02
  5.95906677e+02 5.70327026e+02 6.90574219e+02 8.79811859e+01
  4.89018829e+02 7.64796692e+02 9.74176636e+02 1.05323816e+03
  9.99593323e+02 1.70146820e+02 5.37627991e+02 1.12524548e+03
  7.65049133e+02 8.91181030e+02 7.44706726e+02 8.84390198e+02
  9.62432068e+02 7.48313843e+02 1.16764648e+03 1.05951660e+03
  1.19667651e+03 8.91398315e+02 1.29895728e+03 3.15403229e+02
  7.38373779e+02 3.35880432e+02 6.55173645e+02 3.40777924e+02</Points1>
</opencv_storage>
