<?xml version="1.0"?>
<opencv_storage>
<Points0>
  6.61431091e+02 1.66283859e+02 2.52520584e+02 8.56043457e+02
  6.61365417e+02 1.66249863e+02 2.52443207e+02 8.56027771e+02
  6.61474670e+02 1.66290680e+02 2.52497711e+02 8.56037231e+02
  4.25164368e+02 4.10519562e+02 5.23996826e+02 3.92157623e+02
  4.57686035e+02 9.70555298e+02 4.67731018e+02 4.08823395e+02</Points0>
<Points1>
  1.43407422e+03 3.87611206e+02 4.08238220e+02 9.87378357e+02
  1.43408447e+03 3.87661865e+02 4.08213318e+02 9.87382324e+02
  1.43401697e+03 3.87733063e+02 4.08327454e+02 9.87409729e+02
  1.30954321e+03 2.45623764e+02 1.29886011e+03 3.15409546e+02
  8.95140930e+02 1.19949780e+03 1.33693823e+03 2.55114975e+01</Points1>
</opencv_storage>
