<?xml version="1.0"?>
<opencv_storage>
<Points0>
  2.29450256e+02 9.73064148e+02 8.61153198e+02 1.21975977e+03
  6.95853699e+02 1.22471558e+03 6.61431091e+02 1.66283859e+02
  2.68288940e+02 6.43310913e+02 2.48718735e+02 1.11911230e+03
  2.52520584e+02 8.56043457e+02 2.29239929e+02 9.73108826e+02
  6.95888611e+02 1.22464783e+03 6.61365417e+02 1.66249863e+02
  2.68263977e+02 6.43330750e+02 2.48720520e+02 1.11907666e+03
  2.52443207e+02 8.56027771e+02 3.54889801e+02 8.22599365e+02
  2.29235321e+02 9.73132812e+02 6.95839722e+02 1.22475330e+03
  6.61474670e+02 1.66290680e+02 2.48737991e+02 1.11906494e+03
  2.52497711e+02 8.56037231e+02 3.54924408e+02 8.22446777e+02
  2.29285568e+02 9.73138916e+02 6.61305542e+02 1.66244431e+02
  2.68271454e+02 6.43336853e+02 2.48703873e+02 1.11902490e+03
  3.13362671e+02 2.20407486e+01 2.52615707e+02 8.56051453e+02
  3.54932953e+02 8.22515320e+02 1.33434827e+03 1.02629602e+03
  1.03261145e+03 7.70037476e+02 1.02338666e+03 7.75085449e+02
  8.69493835e+02 6.32066650e+02 1.43784106e+03 5.14346741e+02
  1.20674207e+03 4.59009644e+02 5.24003479e+02 3.92165192e+02
  4.59390930e+02 3.42036102e+02 2.67391022e+02 6.33200439e+02
  2.01274109e+02 6.94615356e+02</Points0>
<Points1>
  2.57020203e+02 4.90885681e+02 5.97742424e+01 1.05603442e+03
  1.96415939e+02 5.37031128e+02 1.43407422e+03 3.87611206e+02
  5.66222656e+02 3.42221344e+02 3.59197693e+01 8.53843628e+02
  4.08238220e+02 9.87378357e+02 2.56982269e+02 4.91164246e+02
  1.96355148e+02 5.37101013e+02 1.43408447e+03 3.87661865e+02
  5.66336182e+02 3.42209229e+02 3.59416962e+01 8.53892273e+02
  4.08213318e+02 9.87382324e+02 4.38361145e+02 8.77881348e+02
  2.57027161e+02 4.90960938e+02 1.96491287e+02 5.37011169e+02
  1.43401697e+03 3.87733063e+02 3.59478264e+01 8.53934143e+02
  4.08327454e+02 9.87409729e+02 4.38320404e+02 8.77906677e+02
  2.56955872e+02 4.91187653e+02 1.43414209e+03 3.87613647e+02
  5.66261780e+02 3.42272919e+02 3.59061356e+01 8.53931885e+02
  4.62015167e+02 1.18489311e+02 4.08260254e+02 9.87415039e+02
  4.38304260e+02 8.77895325e+02 5.37627991e+02 1.12524548e+03
  7.65049133e+02 8.91181030e+02 7.44706726e+02 8.84390198e+02
  9.62432068e+02 7.48313843e+02 1.16764648e+03 1.05951660e+03
  1.19667651e+03 8.91398315e+02 1.29895728e+03 3.15403229e+02
  1.33822583e+03 2.14071915e+02 7.38373779e+02 3.35880432e+02
  6.55173645e+02 3.40777924e+02</Points1>
</opencv_storage>
