<?xml version="1.0"?>
<opencv_storage>
<Points0>
  2.48718735e+02 1.11911230e+03 2.48720520e+02 1.11907666e+03
  2.48737991e+02 1.11906494e+03 2.48703873e+02 1.11902490e+03
  9.35200195e+02 8.16641418e+02 2.67391022e+02 6.33200439e+02
  7.80159790e+02 1.18177026e+03 2.91484737e+00 5.55981140e+02
  1.05547241e+03 4.22103210e+02 7.93461731e+02 2.90556580e+02
  9.82241455e+02 7.52304810e+02 1.33434827e+03 1.02629602e+03
  1.03261145e+03 7.70037476e+02 1.02338666e+03 7.75085449e+02
  8.69493835e+02 6.32066650e+02 1.43784106e+03 5.14346741e+02
  1.20674207e+03 4.59009644e+02 5.24003479e+02 3.92165192e+02
  4.59390930e+02 3.42036102e+02 2.01274109e+02 6.94615356e+02</Points0>
<Points1>
  3.59197693e+01 8.53843628e+02 3.59416962e+01 8.53892273e+02
  3.59478264e+01 8.53934143e+02 3.59061356e+01 8.53931885e+02
  1.40576685e+03 5.17091431e+02 7.38373779e+02 3.35880432e+02
  5.41956421e+02 6.36107788e+02 2.44975185e+00 1.09158154e+03
  1.04130469e+03 8.35896545e+02 7.72550583e+01 1.12657190e+03
  4.41551819e+02 9.81453674e+02 5.37627991e+02 1.12524548e+03
  7.65049133e+02 8.91181030e+02 7.44706726e+02 8.84390198e+02
  9.62432068e+02 7.48313843e+02 1.16764648e+03 1.05951660e+03
  1.19667651e+03 8.91398315e+02 1.29895728e+03 3.15403229e+02
  1.33822583e+03 2.14071915e+02 6.55173645e+02 3.40777924e+02</Points1>
</opencv_storage>
