<?xml version="1.0"?>
<opencv_storage>
<Points0>
  2.48718735e+02 1.11911230e+03 2.48720520e+02 1.11907666e+03
  2.48737991e+02 1.11906494e+03 2.48703873e+02 1.11902490e+03
  5.24003479e+02 3.92165192e+02 2.67391022e+02 6.33200439e+02
  2.53389557e+02 6.43042358e+02 2.20538620e+02 6.64980286e+02
  6.88655518e+02 4.49649872e+02 3.05045105e+02 6.09486084e+02
  6.85224548e+02 4.50926849e+02 1.61903061e+02 7.09998413e+02
  1.62461670e+02 7.05519592e+02 4.30208099e+02 4.44431915e+02
  3.72889862e+02 4.25243256e+02 2.11818985e+02 3.28116974e+02
  1.96203613e+02 3.58868835e+02 4.59390930e+02 3.42036102e+02
  2.01274109e+02 6.94615356e+02 7.50686279e+02 5.40373291e+02
  2.05831360e+02 6.75817566e+02 2.79853699e+02 3.72795013e+02
  2.93855316e+02 3.99310913e+02 3.54020782e+02 4.00266693e+02
  1.25615674e+03 6.86336914e+02 1.43598328e+03 6.73606995e+02
  1.31614990e+03 7.04980713e+02 1.33434827e+03 1.02629602e+03
  1.03261145e+03 7.70037476e+02 1.02338666e+03 7.75085449e+02
  8.69493835e+02 6.32066650e+02 1.43784106e+03 5.14346741e+02
  1.20674207e+03 4.59009644e+02</Points0>
<Points1>
  3.59197693e+01 8.53843628e+02 3.59416962e+01 8.53892273e+02
  3.59478264e+01 8.53934143e+02 3.59061356e+01 8.53931885e+02
  1.29895728e+03 3.15403229e+02 7.38373779e+02 3.35880432e+02
  7.22559570e+02 3.34720673e+02 6.84509399e+02 3.30597656e+02
  1.11585852e+03 4.77486664e+02 7.82525085e+02 3.42295410e+02
  1.11126270e+03 4.75663055e+02 6.22206177e+02 3.28419403e+02
  6.23829163e+02 3.24833374e+02 1.19332275e+03 2.89810028e+02
  1.21522192e+03 2.20366486e+02 1.22670959e+03 1.99687157e+01
  1.17581519e+03 3.73549461e+01 1.33822583e+03 2.14071915e+02
  6.55173645e+02 3.40777924e+02 1.04476233e+03 6.10224976e+02
  6.68973755e+02 3.29322418e+02 1.15221082e+03 1.20555786e+02
  1.12873242e+03 1.51727402e+02 1.11556653e+03 2.02259644e+02
  8.97066284e+02 9.89634155e+02 6.06690308e+02 5.73604919e+02
  8.69962158e+02 1.00813306e+03 5.37627991e+02 1.12524548e+03
  7.65049133e+02 8.91181030e+02 7.44706726e+02 8.84390198e+02
  9.62432068e+02 7.48313843e+02 1.16764648e+03 1.05951660e+03
  1.19667651e+03 8.91398315e+02</Points1>
</opencv_storage>
