<?xml version="1.0"?>
<opencv_storage>
<Points0>
  2.48718735e+02 1.11911230e+03 2.48720520e+02 1.11907666e+03
  2.48737991e+02 1.11906494e+03 2.48703873e+02 1.11902490e+03
  5.24003479e+02 3.92165192e+02 2.67391022e+02 6.33200439e+02
  2.53389557e+02 6.43042358e+02 2.20538620e+02 6.64980286e+02
  1.43777588e+03 5.14409058e+02 1.43784106e+03 5.14346741e+02
  4.59390930e+02 3.42036102e+02 6.88655518e+02 4.49649872e+02
  3.05045105e+02 6.09486084e+02 6.85224548e+02 4.50926849e+02
  1.61956421e+02 7.04745728e+02 4.21800903e+02 4.08199615e+02
  1.33434827e+03 1.02629602e+03 1.03261145e+03 7.70037476e+02
  1.02338666e+03 7.75085449e+02 8.69493835e+02 6.32066650e+02
  1.20674207e+03 4.59009644e+02 2.01274109e+02 6.94615356e+02</Points0>
<Points1>
  3.59197693e+01 8.53843628e+02 3.59416962e+01 8.53892273e+02
  3.59478264e+01 8.53934143e+02 3.59061356e+01 8.53931885e+02
  1.29895728e+03 3.15403229e+02 7.38373779e+02 3.35880432e+02
  7.22559570e+02 3.34720673e+02 6.84509399e+02 3.30597656e+02
  1.16277832e+03 1.05296045e+03 1.16764648e+03 1.05951660e+03
  1.33822583e+03 2.14071915e+02 1.11585852e+03 4.77486664e+02
  7.82525085e+02 3.42295410e+02 1.11126270e+03 4.75663055e+02
  6.23959106e+02 3.25376434e+02 1.16119214e+03 2.55762558e+02
  5.37627991e+02 1.12524548e+03 7.65049133e+02 8.91181030e+02
  7.44706726e+02 8.84390198e+02 9.62432068e+02 7.48313843e+02
  1.19667651e+03 8.91398315e+02 6.55173645e+02 3.40777924e+02</Points1>
</opencv_storage>
