<?xml version="1.0"?>
<opencv_storage>
<Points0>
  5.25814575e+02 9.25308228e+02 3.74598816e+02 1.23799561e+02
  9.07420578e+01 1.05267358e+03 6.95989304e+01 2.33606644e+02
  5.25780212e+02 9.25380615e+02 3.74514923e+02 1.23727898e+02
  9.07597504e+01 1.05274707e+03 6.95333939e+01 2.33624023e+02
  5.25944031e+02 9.25279480e+02 3.74542206e+02 1.23766426e+02
  9.06356277e+01 1.05277246e+03 6.95107574e+01 2.33621552e+02
  4.25164368e+02 4.10519562e+02 7.23498352e+02 1.06744849e+03
  1.33434827e+03 1.02629602e+03 1.03261145e+03 7.70037476e+02
  1.02338666e+03 7.75085449e+02 8.69493835e+02 6.32066650e+02
  1.43784106e+03 5.14346741e+02 1.20674207e+03 4.59009644e+02
  5.24003479e+02 3.92165192e+02 4.59390930e+02 3.42036102e+02
  2.67391022e+02 6.33200439e+02 2.01274109e+02 6.94615356e+02</Points0>
<Points1>
  4.93068451e+02 1.94616302e+02 1.31693005e+03 1.04438086e+03
  1.43947998e+03 9.23696213e+01 7.68562988e+02 9.27966370e+02
  4.93176514e+02 1.94659409e+02 1.31681970e+03 1.04461475e+03
  1.43953040e+03 9.23480148e+01 7.68598999e+02 9.27946655e+02
  4.93310699e+02 1.94656113e+02 1.31696594e+03 1.04440295e+03
  1.43951392e+03 9.24067993e+01 7.68470642e+02 9.27980591e+02
  1.30954321e+03 2.45623764e+02 1.78542328e+02 1.85285294e+02
  5.37627991e+02 1.12524548e+03 7.65049133e+02 8.91181030e+02
  7.44706726e+02 8.84390198e+02 9.62432068e+02 7.48313843e+02
  1.16764648e+03 1.05951660e+03 1.19667651e+03 8.91398315e+02
  1.29895728e+03 3.15403229e+02 1.33822583e+03 2.14071915e+02
  7.38373779e+02 3.35880432e+02 6.55173645e+02 3.40777924e+02</Points1>
</opencv_storage>
