<?xml version="1.0"?>
<opencv_storage>
<Points0>
  2.48718735e+02 1.11911230e+03 2.48720520e+02 1.11907666e+03
  2.48737991e+02 1.11906494e+03 2.48703873e+02 1.11902490e+03
  5.40754089e+01 5.31924377e+02 1.33434827e+03 1.02629602e+03
  4.82650543e+02 3.80041962e+02 3.60684906e+02 2.01859070e+02
  1.97781967e+02 1.68465271e+02 6.07119293e+01 5.60477722e+02
  9.32351990e+01 6.47431824e+02 1.03261145e+03 7.70037476e+02
  1.02338666e+03 7.75085449e+02 8.69493835e+02 6.32066650e+02
  1.43784106e+03 5.14346741e+02 1.20674207e+03 4.59009644e+02
  5.24003479e+02 3.92165192e+02 4.59390930e+02 3.42036102e+02
  2.67391022e+02 6.33200439e+02 2.01274109e+02 6.94615356e+02</Points0>
<Points1>
  3.59197693e+01 8.53843628e+02 3.59416962e+01 8.53892273e+02
  3.59478264e+01 8.53934143e+02 3.59061356e+01 8.53931885e+02
  4.79222809e+02 8.68904190e+01 5.37627991e+02 1.12524548e+03
  6.68331360e+02 8.43788635e+02 1.44060547e+03 1.52073669e+02
  1.50216797e+03 5.19816742e+01 3.95443329e+02 1.43447678e+02
  5.84965027e+02 2.50706146e+02 7.65049133e+02 8.91181030e+02
  7.44706726e+02 8.84390198e+02 9.62432068e+02 7.48313843e+02
  1.16764648e+03 1.05951660e+03 1.19667651e+03 8.91398315e+02
  1.29895728e+03 3.15403229e+02 1.33822583e+03 2.14071915e+02
  7.38373779e+02 3.35880432e+02 6.55173645e+02 3.40777924e+02</Points1>
</opencv_storage>
