<?xml version="1.0"?>
<opencv_storage>
<intrinsic type_id="opencv-matrix">
  <rows>3</rows>
  <cols>3</cols>
  <dt>d</dt>
  <data>
    1.2396186104376236e+03 0. 8.3107072703967378e+02 0.
    1.2427214333522754e+03 5.9342360293607851e+02 0. 0. 1.</data></intrinsic>
<distorsion type_id="opencv-matrix">
  <rows>1</rows>
  <cols>5</cols>
  <dt>d</dt>
  <data>
    -3.7761875147762919e-01 2.0898853879285825e-01
    4.0300655907518146e-04 -6.0916785967126688e-04
    -7.5656944512832808e-02</data></distorsion>
</opencv_storage>
