<?xml version="1.0"?>
<opencv_storage>
<intrinsic type_id="opencv-matrix">
  <rows>3</rows>
  <cols>3</cols>
  <dt>d</dt>
  <data>
    2.6632315603101756e+03 0. 8.3936419761244110e+02 0.
    2.6632671334478428e+03 5.9360796652809040e+02 0. 0. 1.</data></intrinsic>
<distorsion type_id="opencv-matrix">
  <rows>1</rows>
  <cols>5</cols>
  <dt>d</dt>
  <data>
    -4.5063572085235443e-01 1.3498328071395802e+00
    -3.7919220098256486e-03 -5.4486187167720402e-05
    -4.4567080216298693e+00</data></distorsion>
</opencv_storage>
