<?xml version="1.0"?>
<opencv_storage>
<Points0>
	6.69364685e+02 9.85843811e+02 7.70069580e+02 8.56095947e+02
	7.82247864e+02 9.77919434e+02 7.04439819e+02 8.73865051e+02
	6.92536804e+02 8.71310425e+02 6.95662720e+02 8.61208679e+02
	6.75812195e+02 8.49048706e+02 6.57748901e+02 8.25571655e+02
	6.12274353e+02 6.31379272e+02 5.69543884e+02 5.83759216e+02
	6.08473938e+02 5.33404419e+02 2.97896423e+02 5.94885986e+02
	4.33597809e+02 1.04572974e+03 4.90098450e+02 1.03510315e+03
	4.61006531e+02 9.74916687e+02 4.76152710e+02 9.97218323e+02</Points0>
	
<Points1>
	1.10781335e+03 2.47286469e+02 9.30757019e+02 2.07262543e+02
	1.00612341e+03 1.91757584e+02 9.62345825e+02 3.28151581e+02
	9.69912415e+02 3.39868164e+02 9.53465637e+02 3.50271179e+02
	9.56482300e+02 3.80759216e+02 9.42888245e+02 4.23886627e+02
	6.22529358e+02 8.40819031e+02 5.34319580e+02 1.07231519e+03
	3.04969574e+02 1.16732080e+03 1.16287219e+03 1.05315259e+03
	1.37907629e+03 2.39162033e+02 1.32421509e+03 2.24870850e+02
	1.31011157e+03 2.83733215e+02 1.29888550e+03 3.15402802e+02</Points1>
	
</opencv_storage>



