<?xml version="1.0"?>
<opencv_storage>
<Points0>
  1.40071619e+03 7.64679626e+02 1.19730249e+03 8.80388550e+02
  7.88883057e+02 8.97549515e+01 1.30599731e+03 9.07958740e+02
  3.57041382e+02 6.27739319e+02 1.55179163e+03 1.09204724e+03
  4.02675385e+02 6.23529541e+02 8.19304993e+02 4.18298004e+02
  7.75694153e+02 3.26985046e+02 6.62066895e+02 7.87877808e+02
  6.78660583e+02 8.38678284e+02 1.36386755e+03 7.66624939e+02
  7.43004211e+02 6.46695801e+02 8.97965149e+02 8.14119873e+02
  1.27378748e+03 8.73743713e+02 8.19324463e+02 4.18495605e+02
  1.61236475e+03 1.00080872e+03 5.01914642e+02 4.85373749e+02
  7.77571228e+02 3.30781311e+02 7.11837952e+02 6.19144226e+02
  2.10268723e+02 6.35081421e+02 1.52028467e+03 1.13787109e+03
  3.33316864e+02 1.09397705e+03 4.02718689e+02 6.23424438e+02
  6.36845398e+02 7.82976929e+02 6.69350159e+02 9.85836060e+02
  6.78674988e+02 8.38700684e+02 5.01830780e+02 4.85322723e+02
  5.94380981e+02 9.63122742e+02 2.90172455e+02 4.28324982e+02
  7.42829224e+02 6.46494934e+02 4.02584015e+02 6.23503784e+02
  6.78692566e+02 8.38713074e+02 1.46913953e+03 1.02710815e+03
  7.96219727e+02 4.48775391e+02 1.47821875e+03 6.36768738e+02
  8.19347778e+02 4.18543335e+02 6.78681458e+02 8.38664490e+02
  1.02238452e+03 1.06135547e+03 7.39568115e+02 4.18929565e+02
  1.25257031e+03 8.77447632e+02 1.46400916e+03 1.02187183e+03
  1.37036938e+03 1.08692224e+03 6.89532593e+02 1.01076004e+02
  1.38558521e+03 9.07332825e+02 7.35590942e+02 5.43081055e+02
  3.56920227e+02 6.27749756e+02 8.88268860e+02 8.88373474e+02
  4.02564697e+02 6.23442932e+02 7.75608459e+02 3.26934448e+02
  2.88212830e+02 6.04975098e+02 6.78608765e+02 8.38621094e+02
  8.97859436e+02 7.14325867e+02 1.53157629e+03 9.32286072e+02
  1.93158661e+02 6.13593628e+02 3.56951294e+02 6.27794128e+02
  1.56768335e+03 1.02798999e+03 4.02824371e+02 6.23541626e+02
  2.48946533e+02 7.75229736e+02 7.75690063e+02 3.26968201e+02
  3.38365143e+02 5.74260254e+02 6.61996826e+02 7.87813354e+02
  6.69341187e+02 9.85845764e+02 6.78575928e+02 8.38584534e+02
  1.21938940e+03 9.09650757e+02 7.77515503e+02 3.30595734e+02
  2.82941223e+02 4.14947571e+02 1.39033264e+03 5.88073608e+02
  1.46999280e+03 5.91825439e+02 1.04009155e+03 7.24785034e+02
  1.04251355e+03 8.09785095e+02 1.17921191e+03 9.24416931e+02
  1.55204797e+03 1.09180310e+03 4.02634369e+02 6.23511230e+02
  5.12152344e+02 4.31710571e+02 6.69403870e+02 9.85835083e+02
  6.78683105e+02 8.38684570e+02 1.17023035e+03 8.82516968e+02
  9.99410156e+02 5.06254761e+02 1.15337537e+03 7.19593018e+02
  1.37986450e+03 1.01787854e+03 1.46738574e+03 7.73448792e+02
  1.01948071e+03 8.66858826e+02 1.25022632e+03 8.71819946e+02
  1.38561304e+03 9.07163086e+02 3.56919464e+02 6.27958740e+02
  1.38345959e+03 1.06125146e+03 8.19320068e+02 4.18608765e+02
  7.75626953e+02 3.26941803e+02 6.52614380e+02 8.04152344e+02
  7.35320374e+02 9.14935242e+02 1.42501538e+03 9.87025024e+02
  1.93149384e+02 6.13704529e+02 3.56841156e+02 6.27944153e+02
  4.02750031e+02 6.23462036e+02 2.33406647e+02 6.94033386e+02
  6.52617126e+02 8.04062927e+02 6.78777039e+02 8.38784058e+02
  9.67696838e+02 1.72766083e+02 5.01935974e+02 4.85363068e+02
  1.38561206e+03 5.53442688e+02 1.41855066e+03 9.82692322e+02
  1.18532935e+03 6.38518005e+02 1.46727466e+03 7.73334045e+02
  1.48032617e+03 7.89171631e+02 9.12443298e+02 7.31532043e+02
  1.56762732e+03 1.02785486e+03 4.02566559e+02 6.23526733e+02
  6.78665710e+02 8.38715149e+02 4.18464783e+02 3.79444519e+02
  1.30673669e+03 8.65508057e+02 2.99342377e+02 9.83316772e+02
  1.12412769e+03 4.80113953e+02 8.19553589e+02 8.35989319e+02
  3.56816681e+02 6.27885498e+02 1.56803455e+03 1.02805457e+03
  3.03959534e+02 1.19682312e+03 8.18622498e+02 4.06661346e+02
  8.19292053e+02 4.18209808e+02 4.02681183e+02 6.23453674e+02
  7.75676208e+02 3.27027679e+02 6.36811584e+02 7.82814575e+02
  6.52609070e+02 8.04092834e+02 6.69840088e+02 8.26213745e+02
  6.78648743e+02 8.38691040e+02 1.47254846e+03 7.82085083e+02
  1.17923608e+03 9.24390564e+02 3.56922394e+02 6.27860779e+02
  1.55187012e+03 1.09178955e+03 6.52547791e+02 8.04088318e+02
  6.78790771e+02 8.38805725e+02 3.72211884e+02 5.80648499e+02
  1.43161633e+03 8.42666565e+02 1.35295105e+03 9.15633850e+02
  1.52789099e+03 9.88289917e+02 1.46416748e+03 1.02187915e+03
  8.87652100e+02 7.67085510e+02 1.55184326e+03 1.09187219e+03
  4.02679901e+02 6.23509216e+02 5.48296265e+02 5.74629333e+02
  1.17014709e+03 8.82528992e+02</Points0>
