<?xml version="1.0"?>
<opencv_storage>
<Fundamental type_id="opencv-matrix">
  <rows>3</rows>
  <cols>3</cols>
  <dt>d</dt>
  <data>
    8.6063595239968757e-08 2.1192555995444505e-06
    -1.3186758527222893e-03 -1.2743039268973815e-06
    2.0315893306569077e-06 -4.1643060981134364e-04
    1.2346000826887378e-03 -2.9677561391269645e-03 1.</data></Fundamental>
</opencv_storage>
