<?xml version="1.0"?>
<opencv_storage>
<Fundamental type_id="opencv-matrix">
  <rows>3</rows>
  <cols>3</cols>
  <dt>d</dt>
  <data>
    1.2983875267215450e-07 2.1081434118057518e-06
    -1.3327188017035628e-03 -1.2213876881434625e-06
    2.0419439374510539e-06 -4.3834380675273385e-04
    1.1681075292026639e-03 -2.9319270141511563e-03 1.</data></Fundamental>
</opencv_storage>
