<?xml version="1.0"?>
<opencv_storage>
<Fundamental type_id="opencv-matrix">
  <rows>3</rows>
  <cols>3</cols>
  <dt>d</dt>
  <data>
    8.6005982231693154e-08 2.1245781348567425e-06
    -1.3218025690393811e-03 -1.2782754678206345e-06
    2.0382551439370180e-06 -4.1704321557480255e-04
    1.2389391162354968e-03 -2.9737890954844798e-03 1.</data></Fundamental>
</opencv_storage>
