<?xml version="1.0"?>
<opencv_storage>
<Fundamental type_id="opencv-matrix">
  <rows>3</rows>
  <cols>3</cols>
  <dt>d</dt>
  <data>
    8.6005982222163186e-08 2.1245781339339514e-06
    -1.3218025684851073e-03 -1.2782754671382446e-06
    2.0382551428346681e-06 -4.1704321549630859e-04
    1.2389391154997507e-03 -2.9737890944562099e-03 1.</data></Fundamental>
</opencv_storage>
