<?xml version="1.0"?>
<opencv_storage>
<Fundamental type_id="opencv-matrix">
  <rows>3</rows>
  <cols>3</cols>
  <dt>d</dt>
  <data>
    8.5043633520717550e-08 2.1220343280132736e-06
    -1.3198764265027413e-03 -1.2769063617729181e-06
    2.0356699528354008e-06 -4.1701260916011224e-04
    1.2378434497614802e-03 -2.9713993333311938e-03 1.</data></Fundamental>
</opencv_storage>
