<?xml version="1.0"?>
<opencv_storage>
<Fundamental type_id="opencv-matrix">
  <rows>3</rows>
  <cols>3</cols>
  <dt>d</dt>
  <data>
    1.2388510236773909e-07 2.2145013050089672e-06
    -1.3880777534300171e-03 -1.3290573334914653e-06
    2.1656787201708548e-06 -4.3308837101622478e-04
    1.2820851346822624e-03 -3.0740219828056317e-03 1.</data></Fundamental>
</opencv_storage>
