<?xml version="1.0"?>
<opencv_storage>
<Fundamental type_id="opencv-matrix">
  <rows>3</rows>
  <cols>3</cols>
  <dt>d</dt>
  <data>
    1.0592405236406124e-07 2.2502375348371854e-06
    -1.4031225555359160e-03 -1.3638322574055526e-06
    2.1947219344670045e-06 -4.2975006097500305e-04
    1.3246221372089958e-03 -3.1133913887464986e-03 1.</data></Fundamental>
</opencv_storage>
