<?xml version="1.0"?>
<opencv_storage>
<Fundamental type_id="opencv-matrix">
  <rows>3</rows>
  <cols>3</cols>
  <dt>d</dt>
  <data>
    8.6005982112693495e-08 2.1245781255287892e-06
    -1.3218025634310722e-03 -1.2782754609310108e-06
    2.0382551327789217e-06 -4.1704321477582286e-04
    1.2389391088148639e-03 -2.9737890850868032e-03 1.</data></Fundamental>
</opencv_storage>
