<?xml version="1.0"?>
<opencv_storage>
<Fundamental type_id="opencv-matrix">
  <rows>3</rows>
  <cols>3</cols>
  <dt>d</dt>
  <data>
    8.6005982193482651e-08 2.1245781322138934e-06
    -1.3218025674490549e-03 -1.2782754658701815e-06
    2.0382551407739437e-06 -4.1704321534796057e-04
    1.2389391141363665e-03 -2.9737890925384172e-03 1.</data></Fundamental>
</opencv_storage>
