<?xml version="1.0"?>
<opencv_storage>
<Fundamental type_id="opencv-matrix">
  <rows>3</rows>
  <cols>3</cols>
  <dt>d</dt>
  <data>
    1.3241057773071492e-07 2.0819457071775515e-06
    -1.3167302573066531e-03 -1.2113109071750381e-06
    2.0002452554037428e-06 -4.2571274569008766e-04
    1.1527257661544240e-03 -2.9073951976726991e-03 1.</data></Fundamental>
</opencv_storage>
