<?xml version="1.0"?>
<opencv_storage>
<Fundamental type_id="opencv-matrix">
  <rows>3</rows>
  <cols>3</cols>
  <dt>d</dt>
  <data>
    8.5103083431659108e-08 2.1245071069606428e-06
    -1.3213760488471977e-03 -1.2790685005230478e-06
    2.0381265034167310e-06 -4.1683477024807554e-04
    1.2400618912078070e-03 -2.9742222995659739e-03 1.</data></Fundamental>
</opencv_storage>
