<?xml version="1.0"?>
<opencv_storage>
<Fundamental type_id="opencv-matrix">
  <rows>3</rows>
  <cols>3</cols>
  <dt>d</dt>
  <data>
    8.4778524819650954e-08 2.1258127508079558e-06
    -1.3220762183321210e-03 -1.2801823624729671e-06
    2.0395116107595816e-06 -4.1687725158245502e-04
    1.2413767178704284e-03 -2.9756550874209006e-03 1.</data></Fundamental>
</opencv_storage>
