<?xml version="1.0"?>
<opencv_storage>
<Fundamental type_id="opencv-matrix">
  <rows>3</rows>
  <cols>3</cols>
  <dt>d</dt>
  <data>
    8.9227153005314346e-08 2.1562118712671065e-06
    -1.3418823237384705e-03 -1.3001910069911993e-06
    2.0754448469325866e-06 -4.1940793900288945e-04
    1.2613877150021613e-03 -3.0081644682063524e-03 1.</data></Fundamental>
</opencv_storage>
