<?xml version="1.0"?>
<opencv_storage>
<Fundamental type_id="opencv-matrix">
  <rows>3</rows>
  <cols>3</cols>
  <dt>d</dt>
  <data>
    8.1599684396941987e-08 2.0941807946059680e-06
    -1.3018957395483977e-03 -1.2584223640165674e-06
    2.0022819181914626e-06 -4.1435824982710701e-04
    1.2190460386722658e-03 -2.9415468496289971e-03 1.</data></Fundamental>
</opencv_storage>
