<?xml version="1.0"?>
<opencv_storage>
<Fundamental type_id="opencv-matrix">
  <rows>3</rows>
  <cols>3</cols>
  <dt>d</dt>
  <data>
    8.5103083621494438e-08 2.1245071114714986e-06
    -1.3213760516195593e-03 -1.2790685037220606e-06
    2.0381265088093426e-06 -4.1683477066461062e-04
    1.2400618946140827e-03 -2.9742223045052269e-03 1.</data></Fundamental>
</opencv_storage>
