<?xml version="1.0"?>
<opencv_storage>
<Fundamental type_id="opencv-matrix">
  <rows>3</rows>
  <cols>3</cols>
  <dt>d</dt>
  <data>
    8.5103083431976322e-08 2.1245071069682119e-06
    -1.3213760488518494e-03 -1.2790685005284158e-06
    2.0381265034257769e-06 -4.1683477024877322e-04
    1.2400618912135242e-03 -2.9742222995742624e-03 1.</data></Fundamental>
</opencv_storage>
