<?xml version="1.0"?>
<opencv_storage>
<Fundamental type_id="opencv-matrix">
  <rows>3</rows>
  <cols>3</cols>
  <dt>d</dt>
  <data>
    8.6635504973739530e-08 2.1360719431850256e-06
    -1.3286966855421576e-03 -1.2872607947998086e-06
    2.0520758919267770e-06 -4.1768989292712629e-04
    1.2483067460655351e-03 -2.9871885355246377e-03 1.</data></Fundamental>
</opencv_storage>
