<?xml version="1.0"?>
<opencv_storage>
<Fundamental type_id="opencv-matrix">
  <rows>3</rows>
  <cols>3</cols>
  <dt>d</dt>
  <data>
    9.1516639648351839e-08 2.0596891410247184e-06
    -1.2858674429379760e-03 -1.2243884415785320e-06
    1.9607516071543508e-06 -4.1282120267365852e-04
    1.1789589694752598e-03 -2.8975164867087043e-03 1.</data></Fundamental>
</opencv_storage>
