<?xml version="1.0"?>
<opencv_storage>
<Fundamental type_id="opencv-matrix">
  <rows>3</rows>
  <cols>3</cols>
  <dt>d</dt>
  <data>
    9.1516639666407617e-08 2.0596891410195947e-06
    -1.2858674429374009e-03 -1.2243884415808117e-06
    1.9607516071377371e-06 -4.1282120266010502e-04
    1.1789589694666885e-03 -2.8975164867102014e-03 1.</data></Fundamental>
</opencv_storage>
