<?xml version="1.0"?>
<opencv_storage>
<Fundamental type_id="opencv-matrix">
  <rows>3</rows>
  <cols>3</cols>
  <dt>d</dt>
  <data>
    8.6654555227402887e-08 2.1239111724902656e-06
    -1.3214798463230789e-03 -1.2774280830523328e-06
    2.0391979698365882e-06 -4.1789559465622253e-04
    1.2379406306128025e-03 -2.9733889476294228e-03 1.</data></Fundamental>
</opencv_storage>
