<?xml version="1.0"?>
<opencv_storage>
<Fundamental type_id="opencv-matrix">
  <rows>3</rows>
  <cols>3</cols>
  <dt>d</dt>
  <data>
    7.0728010353648729e-08 2.0788745699218235e-06
    -1.2893296818231167e-03 -1.2471211765013368e-06
    1.9854362806737634e-06 -4.1621994742770021e-04
    1.2119736647098773e-03 -2.9234722636397397e-03 1.</data></Fundamental>
</opencv_storage>
