<?xml version="1.0"?>
<opencv_storage>
<Fundamental type_id="opencv-matrix">
  <rows>3</rows>
  <cols>3</cols>
  <dt>d</dt>
  <data>
    8.7175142774250818e-08 2.1396818734742832e-06
    -1.3310112517063819e-03 -1.2897721043426023e-06
    2.0564355595111101e-06 -4.1796739800209709e-04
    1.2508123720180004e-03 -2.9912063172624127e-03 1.</data></Fundamental>
</opencv_storage>
