<?xml version="1.0"?>
<opencv_storage>
<Fundamental type_id="opencv-matrix">
  <rows>3</rows>
  <cols>3</cols>
  <dt>d</dt>
  <data>
    8.5103084134895084e-08 2.1245071118834509e-06
    -1.3213760520009246e-03 -1.2790685038536791e-06
    2.0381265095860697e-06 -4.1683477079463617e-04
    1.2400618945767549e-03 -2.9742223050239864e-03 1.</data></Fundamental>
</opencv_storage>
