<?xml version="1.0"?>
<opencv_storage>
<Fundamental type_id="opencv-matrix">
  <rows>3</rows>
  <cols>3</cols>
  <dt>d</dt>
  <data>
    8.7192199422242494e-08 2.1384382219307471e-06
    -1.3302925340289238e-03 -1.2886354272381112e-06
    2.0552053364477549e-06 -4.1807624908395472e-04
    1.2496308087399637e-03 -2.9897374471414134e-03 1.</data></Fundamental>
</opencv_storage>
