<?xml version="1.0"?>
<opencv_storage>
<Fundamental type_id="opencv-matrix">
  <rows>3</rows>
  <cols>3</cols>
  <dt>d</dt>
  <data>
    9.1885258410039347e-08 2.1728041701365970e-06
    -1.3527146480065706e-03 -1.3115515610398591e-06
    2.0949304898741583e-06 -4.2047314472930350e-04
    1.2726172860302351e-03 -3.0262547247661784e-03 1.</data></Fundamental>
</opencv_storage>
