<?xml version="1.0"?>
<opencv_storage>
<Fundamental type_id="opencv-matrix">
  <rows>3</rows>
  <cols>3</cols>
  <dt>d</dt>
  <data>
    8.4984744630546322e-08 2.1207936416434509e-06
    -1.3191363515390828e-03 -1.2767317405718869e-06
    2.0331292315515009e-06 -4.1609412308073017e-04
    1.2374810841683736e-03 -2.9701739972900838e-03 1.</data></Fundamental>
</opencv_storage>
