<?xml version="1.0"?>
<opencv_storage>
<Fundamental type_id="opencv-matrix">
  <rows>3</rows>
  <cols>3</cols>
  <dt>d</dt>
  <data>
    5.7663009428150020e-08 2.2687292507697048e-06
    -1.3929724877237623e-03 -1.4437973202722737e-06
    2.2089443832238029e-06 -4.0878991293243625e-04
    1.4180411339250346e-03 -3.1704910737751189e-03 1.</data></Fundamental>
</opencv_storage>
