<?xml version="1.0"?>
<opencv_storage>
<Fundamental type_id="opencv-matrix">
  <rows>3</rows>
  <cols>3</cols>
  <dt>d</dt>
  <data>
    8.1729217581887491e-08 2.0873857530647921e-06
    -1.2977701831247703e-03 -1.2544562897635335e-06
    1.9936165350062814e-06 -4.1301143751672881e-04
    1.2144670829129707e-03 -2.9346146064550380e-03 1.</data></Fundamental>
</opencv_storage>
