<?xml version="1.0"?>
<opencv_storage>
<Fundamental type_id="opencv-matrix">
  <rows>3</rows>
  <cols>3</cols>
  <dt>d</dt>
  <data>
    8.4616705878886400e-08 2.1248138715204302e-06
    -1.3213790341887598e-03 -1.2798314992387299e-06
    2.0382443173486095e-06 -4.1663006454507781e-04
    1.2410025880091073e-03 -2.9747777916539109e-03 1.</data></Fundamental>
</opencv_storage>
