<?xml version="1.0"?>
<opencv_storage>
<Fundamental type_id="opencv-matrix">
  <rows>3</rows>
  <cols>3</cols>
  <dt>d</dt>
  <data>
    7.4248511270302155e-08 2.0223134643141343e-06
    -1.2646275606797612e-03 -1.1835506062554888e-06
    1.9240300745907184e-06 -4.2524761733445462e-04
    1.1462649479085252e-03 -2.8394933140248580e-03 1.</data></Fundamental>
</opencv_storage>
