<?xml version="1.0"?>
<opencv_storage>
<Fundamental type_id="opencv-matrix">
  <rows>3</rows>
  <cols>3</cols>
  <dt>d</dt>
  <data>
    8.5641266079026537e-08 2.1219707426046771e-06
    -1.3200984824012960e-03 -1.2763958127113732e-06
    2.0357251999172561e-06 -4.1715767622585030e-04
    1.2371109197890414e-03 -2.9710627789770786e-03 1.</data></Fundamental>
</opencv_storage>
