<?xml version="1.0"?>
<opencv_storage>
<Fundamental type_id="opencv-matrix">
  <rows>3</rows>
  <cols>3</cols>
  <dt>d</dt>
  <data>
    7.6863301595178101e-08 2.0041278776002599e-06
    -1.2563703468410473e-03 -1.1456341013416211e-06
    1.9099206265817924e-06 -4.3764188987034040e-04
    1.1082694337338447e-03 -2.8039193033852347e-03 1.</data></Fundamental>
</opencv_storage>
