<?xml version="1.0"?>
<opencv_storage>
<Fundamental type_id="opencv-matrix">
  <rows>3</rows>
  <cols>3</cols>
  <dt>d</dt>
  <data>
    8.5641266227178953e-08 2.1219707455610482e-06
    -1.3200984842299654e-03 -1.2763958147368528e-06
    2.0357252035134755e-06 -4.1715767655460718e-04
    1.2371109219514330e-03 -2.9710627821859857e-03 1.</data></Fundamental>
</opencv_storage>
