<?xml version="1.0"?>
<opencv_storage>
<Fundamental type_id="opencv-matrix">
  <rows>3</rows>
  <cols>3</cols>
  <dt>d</dt>
  <data>
    8.7411918275318354e-08 2.0172670054055160e-06
    -1.2602780738645240e-03 -1.1942243390291278e-06
    1.9096730080997301e-06 -4.0978785249305575e-04
    1.1480663813927350e-03 -2.8490433417571594e-03 1.</data></Fundamental>
</opencv_storage>
