<?xml version="1.0"?>
<opencv_storage>
<Fundamental type_id="opencv-matrix">
  <rows>3</rows>
  <cols>3</cols>
  <dt>d</dt>
  <data>
    8.1612404220484674e-08 2.1120154085188969e-06
    -1.3127382640608857e-03 -1.2728801061906660e-06
    2.0222738287776491e-06 -4.1477383398958530e-04
    1.2343900829079534e-03 -2.9616242087252245e-03 1.</data></Fundamental>
</opencv_storage>
