<?xml version="1.0"?>
<opencv_storage>
<Fundamental type_id="opencv-matrix">
  <rows>3</rows>
  <cols>3</cols>
  <dt>d</dt>
  <data>
    8.8014633918485976e-08 2.1368034923521984e-06
    -1.3296533336281387e-03 -1.2864477924545177e-06
    2.0539349843101523e-06 -4.1851689982374651e-04
    1.2471130936168337e-03 -2.9875130737541653e-03 1.</data></Fundamental>
</opencv_storage>
