<?xml version="1.0"?>
<opencv_storage>
<Fundamental type_id="opencv-matrix">
  <rows>3</rows>
  <cols>3</cols>
  <dt>d</dt>
  <data>
    8.1708734881729662e-08 2.0866470245978574e-06
    -1.2973160288832916e-03 -1.2539422760869378e-06
    1.9927313508476386e-06 -4.1293485244625410e-04
    1.2139134176638660e-03 -2.9338170620390614e-03 1.</data></Fundamental>
</opencv_storage>
