<?xml version="1.0"?>
<opencv_storage>
<Fundamental type_id="opencv-matrix">
  <rows>3</rows>
  <cols>3</cols>
  <dt>d</dt>
  <data>
    9.1990620585128657e-08 2.1706578193712344e-06
    -1.3514797052106714e-03 -1.3094180921871440e-06
    2.0929870263839929e-06 -4.2079562242600555e-04
    1.2704016519507789e-03 -3.0236991464489943e-03 1.</data></Fundamental>
</opencv_storage>
