<?xml version="1.0"?>
<opencv_storage>
<Fundamental type_id="opencv-matrix">
  <rows>3</rows>
  <cols>3</cols>
  <dt>d</dt>
  <data>
    1.1679273671456356e-07 2.0200873738052731e-06
    -1.2705854537027148e-03 -1.1861520622250280e-06
    1.9113247785226504e-06 -4.0654996418510196e-04
    1.1264151639411048e-03 -2.8494809392123023e-03 1.</data></Fundamental>
</opencv_storage>
