<?xml version="1.0"?>
<opencv_storage>
<Fundamental type_id="opencv-matrix">
  <rows>3</rows>
  <cols>3</cols>
  <dt>d</dt>
  <data>
    8.4961993157194615e-08 2.1255747720138799e-06
    -1.3219628035922276e-03 -1.2801722937329616e-06
    2.0391309368775893e-06 -4.1669995671711067e-04
    1.2412482854613071e-03 -2.9755111623390785e-03 1.</data></Fundamental>
</opencv_storage>
