<?xml version="1.0"?>
<opencv_storage>
<Fundamental type_id="opencv-matrix">
  <rows>3</rows>
  <cols>3</cols>
  <dt>d</dt>
  <data>
    1.3127486418635424e-07 1.9208509875881016e-06
    -1.2137730884428718e-03 -1.1306117735531507e-06
    1.7627007060929643e-06 -3.7126991256571096e-04
    1.0492483056534958e-03 -2.7442810080021869e-03 1.</data></Fundamental>
</opencv_storage>
