<?xml version="1.0"?>
<opencv_storage>
<Fundamental type_id="opencv-matrix">
  <rows>3</rows>
  <cols>3</cols>
  <dt>d</dt>
  <data>
    8.6932978023407280e-08 2.1762703843517211e-06
    -1.3526087101834944e-03 -1.3148053435030157e-06
    2.1027299906830503e-06 -4.2338933636610829e-04
    1.2784603587303958e-03 -3.0312201478915144e-03 1.</data></Fundamental>
</opencv_storage>
