<?xml version="1.0"?>
<opencv_storage>
<Fundamental type_id="opencv-matrix">
  <rows>3</rows>
  <cols>3</cols>
  <dt>d</dt>
  <data>
    8.5028322993850930e-08 2.1145439108646822e-06
    -1.3154510300946917e-03 -1.2714962698533611e-06
    2.0268144154016932e-06 -4.1646054218846828e-04
    1.2319974027260789e-03 -2.9629739726758754e-03 1.</data></Fundamental>
</opencv_storage>
