<?xml version="1.0"?>
<opencv_storage>
<Fundamental type_id="opencv-matrix">
  <rows>3</rows>
  <cols>3</cols>
  <dt>d</dt>
  <data>
    1.2022015441822821e-07 2.0523737730600979e-06
    -1.2919804779715439e-03 -1.1998020949994638e-06
    1.9648481902729703e-06 -4.2065283651992612e-04
    1.1435671847880588e-03 -2.8827349869880907e-03 1.</data></Fundamental>
</opencv_storage>
