<?xml version="1.0"?>
<opencv_storage>
<Fundamental type_id="opencv-matrix">
  <rows>3</rows>
  <cols>3</cols>
  <dt>d</dt>
  <data>
    8.5811587857741017e-08 2.1212375014167589e-06
    -1.3196559317610517e-03 -1.2762412308486643e-06
    2.0349403358908331e-06 -4.1700183047802257e-04
    1.2368227536406885e-03 -2.9704820236479581e-03 1.</data></Fundamental>
</opencv_storage>
