<?xml version="1.0"?>
<opencv_storage>
<Fundamental type_id="opencv-matrix">
  <rows>3</rows>
  <cols>3</cols>
  <dt>d</dt>
  <data>
    8.5811587746150779e-08 2.1212374982027644e-06
    -1.3196559297927511e-03 -1.2762412285952386e-06
    2.0349403320162478e-06 -4.1700183014997606e-04
    1.2368227512229318e-03 -2.9704820201375084e-03 1.</data></Fundamental>
</opencv_storage>
