<?xml version="1.0"?>
<opencv_storage>
<Fundamental type_id="opencv-matrix">
  <rows>3</rows>
  <cols>3</cols>
  <dt>d</dt>
  <data>
    8.5761053879850977e-08 2.1186176152792447e-06
    -1.3180831732203249e-03 -1.2743754880597254e-06
    2.0316380717644611e-06 -4.1666813911500947e-04
    1.2348025455161859e-03 -2.9675614407003604e-03 1.</data></Fundamental>
</opencv_storage>
