<?xml version="1.0"?>
<opencv_storage>
<Fundamental type_id="opencv-matrix">
  <rows>3</rows>
  <cols>3</cols>
  <dt>d</dt>
  <data>
    8.3333572223051188e-07 1.9739545623124131e-06
    -1.6064204060148432e-03 -2.8540135537950029e-07
    2.0243853501345055e-06 -7.0496634664909573e-04
    1.1138237742013804e-04 -2.3496215500852548e-03 1.</data></Fundamental>
</opencv_storage>
