<?xml version="1.0"?>
<opencv_storage>
<Fundamental type_id="opencv-matrix">
  <rows>3</rows>
  <cols>3</cols>
  <dt>d</dt>
  <data>
    8.5742466876935299e-08 2.1172609880363385e-06
    -1.3172713614135721e-03 -1.2734063345717238e-06
    2.0299273983991286e-06 -4.1649453750753403e-04
    1.2337500343240907e-03 -2.9660478524953485e-03 1.</data></Fundamental>
</opencv_storage>
