<?xml version="1.0"?>
<opencv_storage>
<Fundamental type_id="opencv-matrix">
  <rows>3</rows>
  <cols>3</cols>
  <dt>d</dt>
  <data>
    6.5822290549403819e-08 2.1406498891211133e-06
    -1.3224535238075289e-03 -1.3036496580142387e-06
    2.0547668129797068e-06 -4.1535208016705910e-04
    1.2730300733546608e-03 -2.9995472231384101e-03 1.</data></Fundamental>
</opencv_storage>
