<?xml version="1.0"?>
<opencv_storage>
<Fundamental type_id="opencv-matrix">
  <rows>3</rows>
  <cols>3</cols>
  <dt>d</dt>
  <data>
    1.0550366125321767e-07 2.0616393948801302e-06
    -1.2918130294815584e-03 -1.2222580813128948e-06
    1.9588895717923811e-06 -4.0927180142797889e-04
    1.1702131990054920e-03 -2.8976977728080271e-03 1.</data></Fundamental>
</opencv_storage>
