<?xml version="1.0"?>
<opencv_storage>
<Fundamental type_id="opencv-matrix">
  <rows>3</rows>
  <cols>3</cols>
  <dt>d</dt>
  <data>
    8.5736439325447448e-08 2.1167230977682977e-06
    -1.3169499389176608e-03 -1.2730215467514105e-06
    2.0292489974437277e-06 -4.1642555053770440e-04
    1.2333315916484800e-03 -2.9654475135998640e-03 1.</data></Fundamental>
</opencv_storage>
