<?xml version="1.0"?>
<opencv_storage>
<Fundamental type_id="opencv-matrix">
  <rows>3</rows>
  <cols>3</cols>
  <dt>d</dt>
  <data>
    8.6005982214172278e-08 2.1245781331971793e-06
    -1.3218025680424622e-03 -1.2782754665935457e-06
    2.0382551419543286e-06 -4.1704321543356939e-04
    1.2389391149125975e-03 -2.9737890936351852e-03 1.</data></Fundamental>
</opencv_storage>
