<?xml version="1.0"?>
<opencv_storage>
<Points0>
  4.02675385e+02 6.23529541e+02 6.78660583e+02 8.38678284e+02
  4.02718689e+02 6.23424438e+02 6.36845398e+02 7.82976929e+02
  6.78674988e+02 8.38700684e+02 4.02584015e+02 6.23503784e+02
  6.78692566e+02 8.38713074e+02 6.78681458e+02 8.38664490e+02
  4.02564697e+02 6.23442932e+02 6.78608765e+02 8.38621094e+02
  4.02824371e+02 6.23541626e+02 6.78575928e+02 8.38584534e+02
  4.02634369e+02 6.23511230e+02 6.78683105e+02 8.38684570e+02
  6.52614380e+02 8.04152344e+02 4.02750031e+02 6.23462036e+02
  6.52617126e+02 8.04062927e+02 6.78777039e+02 8.38784058e+02
  4.02566559e+02 6.23526733e+02 6.78665710e+02 8.38715149e+02
  4.02681183e+02 6.23453674e+02 6.36811584e+02 7.82814575e+02
  6.52609070e+02 8.04092834e+02 6.78648743e+02 8.38691040e+02
  6.52547791e+02 8.04088318e+02 6.78790771e+02 8.38805725e+02
  4.02679901e+02 6.23509216e+02 6.95662720e+02 8.61208679e+02
  7.04439819e+02 8.73865051e+02 6.15571289e+02 7.54115417e+02
  7.35307312e+02 9.14932373e+02 7.24202515e+02 9.00080444e+02
  6.59791260e+02 8.13636169e+02 6.69754028e+02 8.26179077e+02
  6.75812195e+02 8.49048706e+02 7.82247864e+02 9.77919434e+02
  6.57748901e+02 8.25571655e+02 7.70069580e+02 8.56095947e+02
  6.95620972e+02 4.39865570e+02 6.69364685e+02 9.85843811e+02
  6.92536804e+02 8.71310425e+02 6.12274353e+02 6.31379272e+02
  5.69543884e+02 5.83759216e+02 6.08473938e+02 5.33404419e+02
  2.97896423e+02 5.94885986e+02 4.33597809e+02 1.04572974e+03
  4.90098450e+02 1.03510315e+03 4.61006531e+02 9.74916687e+02
  4.76152710e+02 9.97218323e+02</Points0>
<Points1>
  4.56680603e+02 9.97126099e+02 9.41505554e+02 3.88000610e+02
  4.56692932e+02 9.97200012e+02 9.05540405e+02 4.98926392e+02
  9.41585632e+02 3.87510590e+02 4.56664062e+02 9.97164673e+02
  9.41599792e+02 3.87748199e+02 9.41634521e+02 3.87500763e+02
  4.56944305e+02 9.97114624e+02 9.41606262e+02 3.87407806e+02
  4.56778107e+02 9.97156372e+02 9.41629333e+02 3.87597168e+02
  4.57063477e+02 9.97305054e+02 9.41527405e+02 3.87681641e+02
  9.19921997e+02 4.53675140e+02 4.56903839e+02 9.97310059e+02
  9.19830933e+02 4.53431427e+02 9.41513611e+02 3.87849030e+02
  4.56758240e+02 9.97250732e+02 9.41595215e+02 3.87936005e+02
  4.56776001e+02 9.97047607e+02 9.05380188e+02 4.98947571e+02
  9.19845520e+02 4.53734619e+02 9.41487610e+02 3.87667023e+02
  9.19997803e+02 4.53569519e+02 9.41628235e+02 3.87578918e+02
  4.56639282e+02 9.97226562e+02 9.53465637e+02 3.50271179e+02
  9.62345825e+02 3.28151581e+02 8.83562378e+02 5.65652100e+02
  9.80403320e+02 2.69979828e+02 9.74091858e+02 2.90303986e+02
  9.26615845e+02 4.34294250e+02 9.33283691e+02 4.10987915e+02
  9.56482300e+02 3.80759216e+02 1.00612341e+03 1.91757584e+02
  9.42888245e+02 4.23886627e+02 9.30757019e+02 2.07262543e+02
  4.33770599e+02 9.77473511e+02 1.10781335e+03 2.47286469e+02
  9.69912415e+02 3.39868164e+02 6.22529358e+02 8.40819031e+02
  5.34319580e+02 1.07231519e+03 3.04969574e+02 1.16732080e+03
  1.16287219e+03 1.05315259e+03 1.37907629e+03 2.39162033e+02
  1.32421509e+03 2.24870850e+02 1.31011157e+03 2.83733215e+02
  1.29888550e+03 3.15402802e+02</Points1>
</opencv_storage>
