0
[-0.07066637516144747, -0.9573310504613736, -0.2802204904072227;
  -0.9905298931618974, 0.03419509031951407, 0.1329707732951869;
  -0.1177148851004888, 0.2869633349760263, -0.9506814662152701]
[9.670626671226394;
  1.104742046640945;
  36.37123566577742]

1
[-0.1688639224806645, -0.9231597329949307, 0.3453419798709272;
  -0.9847912704622089, 0.1725553182380553, -0.02026859070560325;
  -0.04087944845361985, -0.3435124008307283, -0.9382580141782093]
[2.656212564383824;
  11.0467557565332;
  28.63977134152041]

2
[-0.2515037559097179, -0.8862753372056665, 0.3889240124038201;
  -0.9598657286722988, 0.1768736651291664, -0.2176545186853971;
  0.1241114164116323, -0.4280557595042462, -0.8951897134527079]
[-1.898224022198985;
  8.04261199078968;
  24.31418268793404]

3
[-0.4032664059724206, -0.63788381661452, 0.6561100839915356;
  -0.9132448937626658, 0.2351259764826352, -0.3327154027085368;
  0.05796524674754455, -0.733362128613402, -0.6773625458239598]
[0.5982299122653517;
  3.925508287236953;
  22.54519135330397]

4
[0.1008269089619184, -0.988314600923599, -0.1143161582210153;
  -0.9617873412756159, -0.1262239942061701, 0.2429662804765769;
  -0.2545565646200604, 0.0854502948378052, -0.9632752475388149]
[6.483494164033182;
  0.4626339320598053;
  18.81104182076186]

5
[-0.08721331477650218, -0.9787799733495259, 0.1854281572350751;
  -0.9629561003405382, 0.130507997425616, 0.235972904005732;
  -0.2551654101610126, -0.1579791960286429, -0.9539041812884069]
[6.191855273470476;
  2.503267060614419;
  16.57875360855657]

6
[-0.08693903929696134, -0.9740197397114326, 0.2091103777878907;
  -0.9739413157440445, 0.1272388709345289, 0.1877460604382037;
  -0.2094753372902901, -0.1873387743521858, -0.9597000920555026]
[5.094042832248072;
  3.74500414237275;
  13.07178615132469]

7
[-0.1585670064799063, -0.9467443239125338, 0.2802350613242405;
  -0.9865196509971633, 0.1635437877449102, -0.005692774936989636;
  -0.04044110102898696, -0.2773600811750807, -0.9599145288608335]
[5.955339241094566;
  2.041707705140392;
  12.34875243971485]

8
[-0.08010891591309444, -0.9773580483884475, 0.1958412797179223;
  -0.992147243851334, 0.09711486630806643, 0.07881972633908077;
  -0.09605419360668216, -0.1879892230748643, -0.9774628606235015]
[6.474948734080807;
  2.901514838665219;
  12.85578842389123]

9
[0.06437854610710314, -0.9707848971747041, -0.2311538150639859;
  -0.9771916109978948, -0.1082987528866469, 0.1826689232423967;
  -0.2023659017633043, 0.2141216092333903, -0.9556149738586288]
[7.759978913919942;
  3.158650610525733;
  15.07583766639228]

10
[-0.02010770513415772, -0.9599555901758269, -0.2794296782455611;
  -0.9633606085556253, -0.05616221710877545, 0.26226349965781;
  -0.2674547028518532, 0.2744650620017179, -0.9236541082368551]
[7.910575602732828;
  1.505200863470213;
  17.37778155933138]

11
[-0.03197614599251664, -0.9090563572565918, 0.4154444191692078;
  -0.9321693688864373, 0.1770898673587197, 0.315752191740187;
  -0.3606075343047149, -0.3771680238438118, -0.8530571422785391]
[5.117460885182724;
  2.206023298454338;
  17.48072384856485]

12
[0.02234345410200722, -0.8299605617746628, 0.5573744127222544;
  -0.92049299983032, 0.2004730469684927, 0.3354149589725354;
  -0.3901197345971753, -0.5205535739363002, -0.7594936269251865]
[4.283657436453764;
  1.821328952332019;
  15.87807756794001]

13
[-0.05818811050717965, -0.7279709863860868, 0.6831342377422407;
  -0.9330479158135954, 0.2830044066750623, 0.2221037878974649;
  -0.3550151131874674, -0.6244731769920659, -0.6956993033099327]
[2.92673824886639;
  2.249258639266666;
  16.03732069695112]

14
[-0.3689875427436554, -0.6927813799940596, 0.6195983802702566;
  -0.9215999835493491, 0.3590912044188507, -0.1473328789878849;
  -0.1204228534034908, -0.6253858540473598, -0.770967489545192]
[4.291896704893454;
  1.690595745861646;
  16.30384816711315]

15
[-0.6585170554067775, -0.5036231301491139, 0.5592128669095477;
  -0.7452663505938624, 0.5396545785837821, -0.3916005649715867;
  -0.1045626817315489, -0.6746381834675298, -0.730705116306666]
[4.779863617730094;
  0.4684207335924588;
  17.07230388579035]

16
[-0.1448000779731313, -0.924571953841731, 0.3524196923956704;
  -0.9603516814055715, 0.2170815530907471, 0.174929263787396;
  -0.2382385053690239, -0.3131170731164191, -0.9193476562664097]
[7.773565179571174;
  0.6768553432991001;
  18.04340605246037]

17
[-0.02240579990838876, -0.9289061571395268, -0.3696367559628532;
  -0.9639634307719834, -0.07796313012083711, 0.2543545841459696;
  -0.2650895778124309, 0.3620153333355344, -0.8936847398077183]
[9.76370059542727;
  0.3307005754664774;
  18.53101642377003]

18
[-0.06384827548670657, -0.9463804937626883, 0.3166817941449489;
  -0.9328788324626738, 0.1693185591147546, 0.3179124242340675;
  -0.3544862221024282, -0.2751275823409813, -0.8936690280941566]
[5.324645023615713;
  0.1300329665950558;
  20.9595402511221]

19
[-0.1177453835603407, -0.8722590377570725, 0.4746579776021197;
  -0.919849398912401, 0.2759068826293072, 0.2788413087013338;
  -0.3741832545300805, -0.4037815785407797, -0.8348337132988779]
[4.303829781842069;
  1.864926372149235;
  23.52072575141149]

20
[-0.093853023501693, -0.9865294104390251, -0.1339825821456668;
  -0.9819249710397783, 0.06950577368989797, 0.176046296957077;
  -0.1643622865140338, 0.1480833203389171, -0.9752211897868505]
[6.959056712625093;
  1.457578424687832;
  22.37309723497624]

21
[-0.3941548977514057, -0.8858439082502949, 0.244790699975351;
  -0.8967603045418189, 0.4290021107370604, 0.1085271633334829;
  -0.2011538534968784, -0.1767420696919416, -0.9634829360317521]
[11.85638167680327;
  2.412774150441691;
  24.7923399592571]

22
[-0.1343911616775024, -0.9788697267369819, -0.154120322283721;
  -0.9908840565951773, 0.134220528858138, 0.01156010460712328;
  0.009370274726881983, 0.1542689460355143, -0.9879844585015669]
[13.6835587196303;
  4.478173002862062;
  24.5966956938221]

23
[0.02619984348580306, -0.9995556067657589, 0.01421819905808633;
  -0.9532238093416769, -0.02069592787652852, 0.3015560443325127;
  -0.3011277760444264, -0.021453847031837, -0.9533424332012461]
[1.282201361295079;
  -3.121043199083397;
  30.83618447862824]

24
[0.2201496730639341, -0.8544948653215515, -0.470502546846398;
  -0.9747199084487502, -0.2115631845999117, -0.07184788789939406;
  -0.03814736587896253, 0.4744254884184105, -0.8794687228181848]
[16.47756751486096;
  7.030603786717606;
  24.44439591345192]

25
[0.1715541289348209, -0.6455883101428291, -0.7441672625507931;
  -0.9805542500032137, -0.184964218174983, -0.06558659005888462;
  -0.09530238006497904, 0.7409480223347948, -0.6647657365960634]
[7.579558632530612;
  7.209835777907109;
  18.49770964298259]

26
[-0.3260180381217782, -0.5939627612955483, 0.7354729614427675;
  -0.8954167853111348, 0.4435424170872554, -0.03871569226384636;
  -0.3032177755381438, -0.6711768488547287, -0.6764470549563629]
[-1.563444102274549;
  4.078987156741412;
  29.20943736459742]

27
[-0.05065532520234328, -0.9592212546586327, 0.278080244964944;
  -0.9498797594821728, 0.1322771093476911, 0.283251140983948;
  -0.3084841658087725, -0.2497946175435681, -0.9178453946561633]
[-2.79708408839669;
  7.281864688877906;
  28.31737241546386]

28
[-0.1949553944586994, -0.8222740464705602, 0.5346566998293241;
  -0.975487509807585, 0.2192792908308033, -0.0184583537222725;
  -0.102061316770114, -0.5251494883494328, -0.8448677426115164]
[0.2927821316597852;
  8.13396526228447;
  23.67911067256206]

29
[-0.3799346260936234, -0.7303303725569502, 0.5676858522245601;
  -0.9247932336804189, 0.2865130268915599, -0.2503352958740557;
  0.02017807805548011, -0.6201030820293212, -0.7842608066349637]
[1.947635563716423;
  4.231517067934973;
  23.38434919753344]

30
[-0.3689251110010198, -0.7189665489194884, 0.5890512405620464;
  -0.9284773670291412, 0.2559527778183852, -0.2691058424517857;
  0.04270879754241008, -0.6462006476798461, -0.7619715752904623]
[2.222190178161622;
  4.269445375365883;
  23.23430797824743]

31
[0.01382106852595921, -0.9785294290701129, 0.2056432214018237;
  -0.9997777356363603, -0.01024936310360136, 0.01842362292825736;
  -0.01592034517944917, -0.2058521483970699, -0.9784535939990603]
[3.301653785772607;
  1.570986546958008;
  31.61346323999756]

32
[-0.3520303413073768, -0.5213002634697667, 0.7773806494281703;
  -0.9168615893230273, 0.3591032965563726, -0.1743836243068672;
  -0.188253724592807, -0.774138784526843, -0.604375444130747]
[4.950566014154786;
  2.186590798779927;
  21.47860912683923]

33
[-0.129893974526584, -0.9615388255501053, 0.2420137234567734;
  -0.9790036902455918, 0.1630462126864413, 0.122342580543822;
  -0.1570965622386464, -0.2210407643135815, -0.9625287791253136]
[8.096976777149598;
  3.038672889786992;
  18.40709456114164]

34
[-0.1131393400261165, -0.9641338426461198, 0.2400946130234528;
  -0.9879729762498707, 0.1348007216252525, 0.07575066764909097;
  -0.1053987093774244, -0.2286366088659858, -0.9677894467020373]
[6.795521576999661;
  3.865330718827179;
  13.92449281674449]

35
[-0.3414574244996685, -0.8389642024865006, 0.4237285619358732;
  -0.9341437959198612, 0.3527293823492758, -0.0543815352112399;
  -0.1038373526168979, -0.4143923862400086, -0.9041552711939612]
[6.933833717814039;
  1.712747369461503;
  13.80170509231474]

36
[-0.05414339214072339, -0.9984660992137544, -0.01157332313404941;
  -0.9889611185234317, 0.05201977570706051, 0.1387438250311342;
  -0.1379289640952136, 0.01895762791744721, -0.9902606774013422]
[3.869110307886103;
  2.610002290156071;
  16.61190972093843]

37
[-0.517290443193253, -0.7479418728549507, 0.4159249357890871;
  -0.8421448742626645, 0.3583688897391437, -0.4029438541785366;
  0.152324023496127, -0.5587080576628203, -0.8152562162710505]
[8.829080610390395;
  0.8559372130455408;
  17.96100629937068]

38
[-0.1139937666914668, -0.9899635443949245, -0.08353204130470049;
  -0.9065431322173049, 0.138046846021234, -0.3989017645150598;
  0.4064295395085473, 0.03025308368792426, -0.9131811322745569]
[10.85246511000961;
  2.818054361778255;
  14.87143360042089]

39
[-0.1722613204533401, -0.9773932333665702, -0.1225908024482781;
  -0.3790685450887396, 0.1806417878904473, -0.9075657456030658;
  0.9091936403209043, -0.1098681566104743, -0.4016166238629054]
[6.808158021038849;
  2.506617852732609;
  12.00952146503267]

40
[-0.1988121902201346, -0.9780322135291875, 0.06266340494316427;
  -0.893015549839389, 0.1544478951202689, -0.422692648904582;
  0.4037287960561232, -0.1399958463387986, -0.9041040992291522]
[6.345799997586848;
  1.812570808611287;
  12.77424726641885]

41
[-0.03080661285883479, -0.9605988305198679, 0.2762260657650325;
  -0.8374728888482071, 0.1756615392002974, 0.517476747390664;
  -0.545609854244225, -0.2153901354511033, -0.8098870146520136]
[5.693476197813599;
  2.891084239386546;
  13.91478494129988]

42
[-0.003624215660609664, -0.9570175566757577, 0.2900073469331562;
  -0.6521266654423707, 0.222119743570667, 0.7248404181163708;
  -0.758101363459966, -0.1864945461145278, -0.6249016778579464]
[3.151934326554187;
  0.5256736667546418;
  17.6953025045029]

43
[-0.07492766258532024, -0.86414805095137, -0.4976283667722817;
  -0.9430264082724747, -0.100823243526423, 0.3170739138836987;
  -0.3241713106988586, 0.4930342986058472, -0.8073599827326248]
[4.777028027096526;
  4.148940719570303;
  13.06748420004061]

44
[-0.188468048696611, -0.8898163688362082, 0.4155798652144221;
  -0.9086215374117543, 0.3185695113966019, 0.2700377161805928;
  -0.3726750546682618, -0.3267113346054522, -0.8685464912532503]
[5.132830778751785;
  2.718194929976842;
  15.36425734738425]

45
[-0.005998253335752324, -0.9994145671286414, 0.03368299226598356;
  -0.9964914605293771, 0.008785856994011909, 0.08323207199697376;
  -0.08347927915925479, -0.03306556710463227, -0.9959607814683771]
[-2.707979123049135;
  -3.451187349650148;
  27.00862705242671]

46
[-0.4006702926711683, -0.535154382691992, 0.7436888484146803;
  -0.8810644753768602, 0.4477408579616673, -0.1524910303612919;
  -0.2513736398266502, -0.7163364508366885, -0.6509019760324886]
[2.102066720406044;
  0.7771135616190586;
  18.44358255480023]

47
[-0.4780706496914255, -0.6619443741263501, 0.5773024332757424;
  -0.8782672410544065, 0.3675723423994685, -0.3058385626333759;
  -0.009752291746024822, -0.6532382556659116, -0.757089607734948]
[4.080251377732926;
  0.2957985903180919;
  20.29656269405319]

48
[-0.601003417083698, -0.7036621376984423, 0.3790177945999064;
  -0.7645224772299325, 0.3678783334260701, -0.5293117357530103;
  0.2330241928725981, -0.6078857851318088, -0.7590616561062471]
[5.51098428481547;
  -0.4485535669572543;
  22.13540351347227]

49
[-0.1065881430208482, -0.9098636659547101, 0.4009826394531597;
  -0.9848359630227237, 0.152126280320634, 0.08340096386080972;
  -0.1368835041357117, -0.3860125700171737, -0.9122813174039383]
[8.729833391144973;
  -5.75969530605775;
  32.78888063941604]

